batch 2 ***********************
# of configs 44
from_DRAM [602112, 1605632, 802816, 401408, 200704, 301056, 200704, 2048, 6048, 1024000, 2048, 100352, 200704, 4718592, 100352, 200704, 4919296, 100352, 200704, 4718592, 100352, 301056, 2660352, 200704, 401408, 200704, 802816, 200704, 401408, 200704, 1204224, 401408, 802816, 401408, 1605632, 401408, 802816, 1605632, 1351680, 2408448, 3211264, 2408448, 2408448, 1605632]
to_DRAM [5619712, 2408448, 802816, 802816, 200704, 401408, 4096, 6048, 1024000, 0, 301056, 200704, 4718592, 0, 100352, 4718592, 301056, 200704, 4718592, 0, 200704, 2359296, 602112, 401408, 0, 200704, 602112, 401408, 0, 401408, 1204224, 802816, 0, 401408, 1204224, 802816, 0, 950272, 3211264, 802816, 2408448, 1605632, 802816, 0]
cycles [20580.0, 10137.6, 5529.6, 5529.6, 3686.4, 3686.4, 3686.4, 819.2, 505.1731240804316, 819.2, 148.65326140264835, 2457.6, 2508.8, 3686.4, 2457.6, 2508.8, 3686.4, 2457.6, 2508.8, 3686.4, 1228.8, 1304.7336929867581, 1843.2, 1843.2, 5017.6, 1843.2, 5017.6, 1843.2, 5017.6, 1228.8, 2508.8, 2252.8, 10035.2, 2252.8, 10035.2, 2252.8, 10035.2, 5017.6, 2252.8, 20070.4, 20070.4, 20070.4, 20070.4, 40140.8]
Flop 21559869488
Bytes 92393280
OI 233.34889169428772
latency 274340.16007846984
max_gflops 307200.0
throughput 78588.09108310356



