batch 2 ***********************
# of configs 30
from_DRAM [602112, 1204224, 401408, 200704, 301056, 200704, 6048, 1026048, 301056, 4818944, 200704, 200704, 200704, 401408, 2660352, 602112, 1380352, 802816, 602112, 1380352, 1204224, 1204224, 1605632, 1204224, 2007040, 2408448, 3211264, 2408448, 3211264, 3211264]
to_DRAM [5619712, 2007040, 802816, 200704, 401408, 6048, 1026048, 301056, 4919296, 100352, 0, 401408, 0, 2560000, 602112, 1581056, 200704, 602112, 1581056, 401408, 1204224, 802816, 1204224, 802816, 2408448, 1605632, 2408448, 1605632, 3211264, 0]
cycles [27400.8, 13824.0, 7372.8, 3686.4, 3686.4, 3686.4, 800.0, 819.2, 3371.2, 3686.4, 3686.4, 3276.8, 3686.4, 1724.8, 1843.2, 6899.2, 3276.8, 6899.2, 6899.2, 1843.2, 3449.6, 13798.4, 13798.4, 13798.4, 7526.4, 30105.6, 30105.6, 30105.6, 30105.6, 40140.8]
Flop 21559869488
Bytes 77737792
OI 277.3409037395865
latency 321303.19999999995
max_gflops 307200.0
throughput 67101.32201608949



