batch 2 ***********************
# of configs 14
from_DRAM [602112, 1204224, 401408, 200704, 102400, 401408, 602112, 2861056, 1003520, 2183168, 2809856, 3104768, 4816896, 1679360]
to_DRAM [5619712, 2207744, 702464, 2048, 301056, 401408, 2560000, 602112, 1781760, 1605632, 1499136, 2408448, 1679360, 0]
cycles [41042.4, 20275.2, 14745.6, 1600.0, 10035.2, 10035.2, 10035.2, 10035.2, 10035.2, 6758.4, 20070.4, 40140.8, 40140.8, 60211.2]
Flop 21559869488
Bytes 43343872
OI 497.4144785219004
latency 295160.8
max_gflops 307200.0
throughput 73044.48791302911



