batch 2 ***********************
# of configs 18
from_DRAM [602112, 1204224, 401408, 200704, 6048, 301056, 401408, 301056, 501760, 602112, 802816, 602112, 1003520, 1605632, 1499136, 3211264, 4014080, 3211264]
to_DRAM [5619712, 2207744, 602112, 106400, 301056, 200704, 301056, 200704, 602112, 401408, 602112, 401408, 1204224, 696320, 1605632, 2408448, 2408448, 0]
cycles [35162.4, 17510.4, 14745.6, 14745.6, 1600.0, 9011.2, 9011.2, 9011.2, 4915.2, 8780.8, 8780.8, 8780.8, 4390.4, 17561.6, 17561.6, 35123.2, 35123.2, 40140.8]
Flop 21559869488
Bytes 40341312
OI 534.4364974545201
latency 291956.0
max_gflops 307200.0
throughput 73846.29700365808



