batch 1 ***********************
# of configs 43
from_DRAM [301056, 802816, 401408, 301056, 200704, 150528, 100352, 5024, 1024000, 1024, 100352, 4768768, 50176, 100352, 4818944, 50176, 100352, 4768768, 50176, 150528, 2509824, 100352, 301056, 100352, 401408, 100352, 301056, 100352, 602112, 200704, 602112, 200704, 802816, 200704, 602112, 802816, 749568, 1204224, 802816, 876544, 1204224, 1204224, 802816]
to_DRAM [2408448, 1204224, 702464, 501760, 301056, 200704, 5024, 1025024, 0, 150528, 4718592, 100352, 50176, 4718592, 150528, 50176, 4718592, 100352, 100352, 2359296, 301056, 100352, 200704, 100352, 301056, 100352, 200704, 200704, 602112, 200704, 401408, 200704, 602112, 200704, 401408, 548864, 1204224, 401408, 475136, 1204224, 802816, 401408, 0]
cycles [10348.8, 10137.6, 5529.6, 3686.4, 3686.4, 3686.4, 3686.4, 800.0, 819.2, 2457.6, 2363.3859735164297, 3686.4, 2457.6, 2363.3859735164297, 3686.4, 2457.6, 2363.3859735164297, 3686.4, 1228.8, 1230.9092692496322, 1843.2, 1228.8, 2508.8, 1228.8, 2508.8, 1228.8, 2508.8, 819.2, 1254.4, 1228.8, 5017.6, 1228.8, 5017.6, 1228.8, 5017.6, 2508.8, 958.2108876900442, 10035.2, 10035.2, 1126.4, 10035.2, 10035.2, 20070.4]
Flop 10790304376
Bytes 65738560
OI 164.13965222237908
latency 169036.07807748902
max_gflops 307200.0
throughput 63834.32755138545



batch 2 ***********************
# of configs 46
from_DRAM [602112, 1605632, 802816, 602112, 401408, 301056, 100352, 200704, 100352, 6048, 1024000, 2048, 100352, 200704, 4818944, 100352, 200704, 4919296, 100352, 200704, 4818944, 100352, 301056, 2660352, 200704, 602112, 200704, 802816, 200704, 602112, 200704, 1204224, 401408, 1204224, 401408, 1605632, 401408, 1204224, 1605632, 1351680, 2408448, 1605632, 1679360, 2408448, 2408448, 1605632]
to_DRAM [4014080, 3211264, 1404928, 1003520, 501760, 401408, 200704, 100352, 8096, 1024000, 0, 301056, 100352, 4718592, 200704, 100352, 4718592, 301056, 100352, 4718592, 200704, 200704, 2359296, 602112, 200704, 401408, 200704, 602112, 200704, 401408, 401408, 1204224, 401408, 802816, 401408, 1204224, 401408, 802816, 950272, 2408448, 802816, 876544, 2408448, 1605632, 802816, 0]
cycles [20580.0, 20275.2, 10137.6, 5529.6, 5529.6, 3686.4, 3686.4, 3686.4, 819.2, 505.1731240804316, 819.2, 148.65326140264835, 2457.6, 2508.8, 3686.4, 2457.6, 2508.8, 3686.4, 2457.6, 2508.8, 3686.4, 1228.8, 1304.7336929867581, 1843.2, 1843.2, 5017.6, 1843.2, 5017.6, 1843.2, 5017.6, 1228.8, 2508.8, 2252.8, 10035.2, 2252.8, 10035.2, 2252.8, 10035.2, 5017.6, 1844.1039725355567, 20070.4, 20070.4, 2252.8, 20070.4, 20070.4, 40140.8]
Flop 21569101872
Bytes 96550720
OI 223.39659271313565
latency 296459.4640510054
max_gflops 307200.0
throughput 72755.65292221223



batch 4 ***********************
# of configs 48
from_DRAM [1204224, 3211264, 3211264, 2408448, 1605632, 802816, 401408, 602112, 200704, 401408, 200704, 12096, 1024000, 4096, 200704, 401408, 4919296, 200704, 401408, 5120000, 200704, 401408, 4919296, 200704, 602112, 2961408, 401408, 1204224, 401408, 1605632, 401408, 1204224, 401408, 2408448, 802816, 2408448, 802816, 3211264, 802816, 2408448, 3211264, 2555904, 4816896, 3211264, 3284992, 4816896, 4816896, 3211264]
to_DRAM [6422528, 6422528, 4816896, 4014080, 1605632, 1605632, 401408, 602112, 401408, 200704, 16192, 1024000, 0, 602112, 200704, 4718592, 401408, 200704, 4718592, 602112, 200704, 4718592, 401408, 401408, 2359296, 1204224, 401408, 802816, 401408, 1204224, 401408, 802816, 802816, 2408448, 802816, 1605632, 802816, 2408448, 802816, 1605632, 1753088, 4816896, 1605632, 1679360, 4816896, 3211264, 1605632, 0]
cycles [41042.4, 40550.4, 40550.4, 20275.2, 11059.2, 11059.2, 3686.4, 7372.8, 7372.8, 7372.8, 819.2, 508.13928396272684, 819.2, 297.3065228052967, 4915.2, 5017.6, 3686.4, 4915.2, 5017.6, 3686.4, 4915.2, 5017.6, 3686.4, 2457.6, 2508.8, 2042.9779303580187, 3686.4, 10035.2, 3686.4, 10035.2, 3686.4, 10035.2, 2457.6, 5017.6, 4505.6, 20070.4, 4505.6, 20070.4, 4505.6, 20070.4, 10035.2, 3615.8901422265817, 40140.8, 40140.8, 4505.6, 40140.8, 40140.8, 80281.6]
Flop 43126696864
Bytes 167214720
OI 257.912083720859
latency 622021.9138793526
max_gflops 307200.0
throughput 69333.08280898421



batch 8 ***********************
# of configs 50
from_DRAM [2408448, 3211264, 6422528, 6422528, 3211264, 4816896, 3211264, 1605632, 802816, 1204224, 401408, 802816, 401408, 24192, 1024000, 8192, 401408, 802816, 5120000, 401408, 802816, 5521408, 401408, 802816, 5120000, 401408, 1204224, 3563520, 802816, 2408448, 802816, 3211264, 802816, 2408448, 802816, 4816896, 1605632, 4816896, 1605632, 6422528, 1605632, 4816896, 6422528, 4964352, 9633792, 6422528, 6496256, 9633792, 9633792, 6422528]
to_DRAM [9633792, 6422528, 12845056, 9633792, 3211264, 8028160, 3211264, 3211264, 802816, 1204224, 802816, 401408, 32384, 1024000, 0, 1204224, 401408, 4718592, 802816, 401408, 4718592, 1204224, 401408, 4718592, 802816, 802816, 2359296, 2408448, 802816, 1605632, 802816, 2408448, 802816, 1605632, 1605632, 4816896, 1605632, 3211264, 1605632, 4816896, 1605632, 3211264, 3358720, 9633792, 3211264, 3284992, 9633792, 6422528, 3211264, 0]
cycles [81967.2, 80640.0, 80640.0, 80640.0, 40550.4, 40550.4, 20275.2, 20275.2, 5529.6, 11059.2, 11059.2, 11059.2, 819.2, 514.0716037273173, 819.2, 594.6130456105934, 7372.8, 10035.2, 3686.4, 7372.8, 10035.2, 3686.4, 7372.8, 10035.2, 3686.4, 3686.4, 5017.6, 2928.871015203531, 6758.4, 20070.4, 6758.4, 20070.4, 6758.4, 20070.4, 4505.6, 10035.2, 9011.2, 40140.8, 9011.2, 40140.8, 9011.2, 40140.8, 20070.4, 7159.462481608632, 80281.6, 80281.6, 8960.0, 80281.6, 80281.6, 160563.2]
Flop 86241886848
Bytes 311753984
OI 276.63443379764476
latency 1322271.4181461504
max_gflops 307200.0
throughput 65222.52970491698



batch 16 ***********************
# of configs 56
from_DRAM [4816896, 6422528, 6422528, 12845056, 6422528, 6422528, 12845056, 6422528, 9633792, 6422528, 6422528, 3211264, 1605632, 2408448, 802816, 1605632, 802816, 48384, 1024000, 16384, 802816, 1605632, 5521408, 802816, 1605632, 6324224, 802816, 1605632, 5521408, 802816, 2408448, 4767744, 1605632, 4816896, 1605632, 6422528, 1605632, 4816896, 1605632, 9633792, 3211264, 9633792, 3211264, 12845056, 3211264, 9633792, 3211264, 19267584, 6422528, 19267584, 6422528, 25690112, 6422528, 19267584, 6422528, 25690112]
to_DRAM [19267584, 12845056, 6422528, 19267584, 12845056, 6422528, 19267584, 6422528, 12845056, 9633792, 6422528, 6422528, 1605632, 2408448, 1605632, 802816, 64768, 1024000, 0, 2408448, 802816, 4718592, 1605632, 802816, 4718592, 2408448, 802816, 4718592, 1605632, 1605632, 2359296, 4816896, 1605632, 3211264, 1605632, 4816896, 1605632, 3211264, 3211264, 9633792, 3211264, 6422528, 3211264, 9633792, 3211264, 6422528, 6422528, 19267584, 6422528, 12845056, 6422528, 19267584, 6422528, 12845056, 6422528, 0]
cycles [163934.4, 160819.2, 160819.2, 15749.210397253555, 160819.2, 160819.2, 15749.210397253555, 81100.8, 81100.8, 81100.8, 40550.4, 40550.4, 11059.2, 22118.4, 22118.4, 22118.4, 819.2, 525.9362432564983, 819.2, 1189.2260912211868, 14745.6, 20070.4, 3686.4, 14745.6, 20070.4, 4282.8209906817065, 14745.6, 20070.4, 3686.4, 7372.8, 10035.2, 4700.657184894556, 13516.8, 40140.8, 13516.8, 40140.8, 13516.8, 40140.8, 9011.2, 20070.4, 18022.4, 80281.6, 18022.4, 80281.6, 18022.4, 80281.6, 9011.2, 40140.8, 17868.8, 160563.2, 17868.8, 160563.2, 17868.8, 160563.2, 17868.8, 321126.4]
Flop 172472266816
Bytes 677460480
OI 254.58646210034274
latency 2790502.6613045605
max_gflops 307200.0
throughput 61806.88132200855



batch 32 ***********************
# of configs 61
from_DRAM [9633792, 12845056, 12845056, 25690112, 12845056, 12845056, 25690112, 12845056, 6422528, 19267584, 6422528, 6422528, 12845056, 3211264, 9633792, 6422528, 4816896, 1605632, 3211264, 1605632, 64000, 96768, 1024000, 32768, 1605632, 3211264, 6324224, 1605632, 3211264, 7929856, 1605632, 3211264, 6324224, 1605632, 4816896, 7176192, 3211264, 9633792, 3211264, 12845056, 3211264, 9633792, 3211264, 19267584, 6422528, 19267584, 6422528, 25690112, 6422528, 19267584, 6422528, 38535168, 12845056, 38535168, 12845056, 51380224, 12845056, 38535168, 12845056, 51380224, 102760448]
to_DRAM [38535168, 25690112, 12845056, 38535168, 25690112, 12845056, 38535168, 12845056, 6422528, 19267584, 12845056, 6422528, 16056320, 6422528, 12845056, 9633792, 4816896, 3211264, 1605632, 160768, 32768, 1024000, 0, 4816896, 1605632, 4718592, 3211264, 1605632, 4718592, 4816896, 1605632, 4718592, 3211264, 3211264, 2359296, 9633792, 3211264, 6422528, 3211264, 9633792, 3211264, 6422528, 6422528, 19267584, 6422528, 12845056, 6422528, 19267584, 6422528, 12845056, 12845056, 38535168, 12845056, 25690112, 12845056, 38535168, 12845056, 25690112, 12845056, 102760448, 0]
cycles [327868.8, 321177.6, 321177.6, 31498.42079450711, 321177.6, 321177.6, 31498.42079450711, 80640.0, 161280.0, 18899.052476704266, 161280.0, 161280.0, 40550.4, 81100.8, 81100.8, 20275.2, 40550.4, 40550.4, 40550.4, 866.3070132417852, 800.0, 549.6655223148603, 819.2, 2378.4521824423737, 27033.6, 40140.8, 4676.551250613045, 27033.6, 40140.8, 6251.472290338401, 27033.6, 40140.8, 4676.551250613045, 13516.8, 20070.4, 8244.229524276607, 27033.6, 80281.6, 27033.6, 80281.6, 27033.6, 80281.6, 18022.4, 40140.8, 35840.0, 160563.2, 35840.0, 160563.2, 35840.0, 160563.2, 17920.0, 80281.6, 35686.4, 321126.4, 35686.4, 321126.4, 35686.4, 321126.4, 35686.4, 321126.4, 642252.8]
Flop 344933026752
Bytes 1557604352
OI 221.4509906248644
latency 6005030.32309956
max_gflops 307200.0
throughput 57440.68026187071



batch 64 ***********************
# of configs 66
from_DRAM [19267584, 102760448, 25690112, 25690112, 51380224, 25690112, 25690112, 51380224, 25690112, 12845056, 38535168, 12845056, 12845056, 25690112, 12845056, 6422528, 19267584, 12845056, 6422528, 9633792, 3211264, 6422528, 3211264, 128000, 193536, 1024000, 65536, 3211264, 6422528, 7929856, 3211264, 6422528, 11141120, 3211264, 6422528, 7929856, 3211264, 9633792, 11993088, 6422528, 19267584, 6422528, 25690112, 6422528, 19267584, 6422528, 38535168, 12845056, 38535168, 12845056, 51380224, 12845056, 38535168, 12845056, 77070336, 25690112, 77070336, 25690112, 102760448, 25690112, 77070336, 25690112, 102760448, 25690112, 205520896, 18816]
to_DRAM [102760448, 77070336, 51380224, 25690112, 77070336, 51380224, 25690112, 77070336, 25690112, 12845056, 38535168, 25690112, 12845056, 38535168, 12845056, 6422528, 25690112, 19267584, 6422528, 9633792, 6422528, 3211264, 193536, 193536, 1024000, 0, 9633792, 3211264, 4718592, 6422528, 3211264, 4718592, 9633792, 3211264, 4718592, 6422528, 6422528, 2359296, 19267584, 6422528, 12845056, 6422528, 19267584, 6422528, 12845056, 12845056, 38535168, 12845056, 25690112, 12845056, 38535168, 12845056, 25690112, 25690112, 51380224, 51380224, 51380224, 25690112, 51380224, 51380224, 51380224, 25690112, 25690112, 205520896, 18816, 0]
cycles [655737.6, 120427.2, 642355.2, 642355.2, 62996.84158901422, 642355.2, 642355.2, 62996.84158901422, 160819.2, 321638.4, 37798.10495340853, 321638.4, 321638.4, 31498.42079450711, 162201.6, 6299.684158901422, 162201.6, 162201.6, 40550.4, 81100.8, 81100.8, 81100.8, 1685.6, 800.0, 597.1240804315842, 819.2, 4756.904364884747, 54067.2, 80281.6, 7038.932810201079, 54067.2, 80281.6, 10188.77488965179, 54067.2, 80281.6, 7038.932810201079, 27033.6, 40140.8, 15331.374203040707, 54067.2, 160563.2, 54067.2, 160563.2, 54067.2, 160563.2, 36044.8, 80281.6, 71475.2, 321126.4, 71475.2, 321126.4, 71475.2, 321126.4, 35737.6, 160563.2, 71372.8, 642252.8, 71372.8, 642252.8, 71372.8, 642252.8, 71372.8, 642252.8, 120427.2, 1284505.6, 117.6]
Flop 689854546624
Bytes 3375604480
OI 204.3647443624675
latency 12355721.136243261
max_gflops 307200.0
throughput 55832.80320243204



batch 128 ***********************
# of configs 73
from_DRAM [38535168, 205520896, 205520896, 51380224, 51380224, 102760448, 51380224, 51380224, 102760448, 51380224, 25690112, 77070336, 25690112, 25690112, 51380224, 25690112, 12845056, 38535168, 12845056, 12845056, 25690112, 12845056, 6422528, 19267584, 12845056, 6422528, 131072, 256000, 387072, 1024000, 131072, 6422528, 12845056, 11141120, 6422528, 12845056, 17563648, 6422528, 12845056, 11141120, 6422528, 19267584, 21626880, 12845056, 38535168, 12845056, 51380224, 12845056, 38535168, 12845056, 77070336, 25690112, 77070336, 25690112, 102760448, 25690112, 77070336, 25690112, 77070336, 77070336, 51380224, 154140672, 51380224, 102760448, 102760448, 51380224, 154140672, 51380224, 102760448, 102760448, 205520896, 205520896, 205520896]
to_DRAM [205520896, 205520896, 154140672, 102760448, 51380224, 154140672, 102760448, 51380224, 154140672, 51380224, 25690112, 77070336, 51380224, 25690112, 77070336, 25690112, 12845056, 38535168, 25690112, 12845056, 38535168, 12845056, 6422528, 25690112, 6422528, 262144, 256000, 387072, 1024000, 0, 19267584, 6422528, 4718592, 12845056, 6422528, 4718592, 19267584, 6422528, 4718592, 12845056, 12845056, 2359296, 38535168, 12845056, 25690112, 12845056, 38535168, 12845056, 25690112, 25690112, 51380224, 51380224, 51380224, 25690112, 51380224, 51380224, 51380224, 51380224, 0, 102760448, 102760448, 102760448, 51380224, 0, 102760448, 102760448, 102760448, 51380224, 0, 205520896, 411041792, 0, 0]
cycles [1311357.6, 201589.8930848455, 240847.2, 1284710.4, 1284710.4, 125993.68317802844, 1284710.4, 1284710.4, 125993.68317802844, 321177.6, 642355.2, 75596.20990681706, 642355.2, 642355.2, 62996.84158901422, 161280.0, 322560.0, 37798.10495340853, 322560.0, 322560.0, 31498.42079450711, 81100.8, 162201.6, 162201.6, 162201.6, 3371.2, 819.2, 800.0, 819.2, 819.2, 9513.808729769495, 108134.4, 160563.2, 11763.695929377145, 108134.4, 160563.2, 18063.38008827857, 108134.4, 160563.2, 11763.695929377145, 54067.2, 80281.6, 29505.663560568908, 107520.0, 321126.4, 107520.0, 321126.4, 107520.0, 321126.4, 71680.0, 160563.2, 142745.6, 642252.8, 142745.6, 642252.8, 142745.6, 642252.8, 71372.8, 321126.4, 88195.57822461991, 142745.6, 1284505.6, 142745.6, 1284505.6, 100794.94654242275, 142745.6, 1284505.6, 142745.6, 1284505.6, 240847.2, 302384.83962726826, 570931.2, 2569011.2]
Flop 1379697586368
Bytes 7487021056
OI 184.27857702661709
latency 26171949.245316338
max_gflops 307200.0
throughput 52716.653751531594



batch 256 ***********************
forward2_batchnorm
