batch 1 ***********************
# of configs 26
from_DRAM [301056, 602112, 301056, 200704, 100352, 2048, 1025024, 150528, 4768768, 200704, 100352, 4768768, 301056, 200704, 200704, 301056, 1480704, 1091584, 897024, 401408, 1003520, 1204224, 1605632, 1204224, 1605632, 1605632]
to_DRAM [2609152, 1103872, 501760, 301056, 52224, 1025024, 150528, 4768768, 100352, 100352, 4768768, 150528, 200704, 100352, 100352, 1380352, 790528, 696320, 401408, 401408, 1204224, 802816, 1204224, 802816, 1605632, 0]
cycles [14464.8, 7372.8, 3686.4, 3686.4, 3686.4, 819.2, 819.2, 3686.4, 3686.4, 3686.4, 3686.4, 3686.4, 1843.2, 3606.4, 3606.4, 3606.4, 1881.6, 7526.4, 7526.4, 7526.4, 3763.2, 15052.8, 15052.8, 15052.8, 15052.8, 20070.4]
Flop 10790304376
Bytes 50948096
OI 211.7901398317221
latency 174135.19999999998
max_gflops 307200.0
throughput 61965.095948435475



batch 2 ***********************
# of configs 28
from_DRAM [602112, 1605632, 802816, 401408, 301056, 100352, 200704, 6048, 2048, 301056, 301056, 4919296, 301056, 4818944, 602112, 401408, 401408, 602112, 1781760, 1593344, 1499136, 802816, 2007040, 2408448, 3211264, 2408448, 3211264, 3211264]
to_DRAM [4816896, 2809856, 1404928, 602112, 301056, 200704, 8096, 0, 301056, 200704, 4818944, 301056, 4818944, 301056, 401408, 200704, 200704, 1581056, 991232, 1097728, 802816, 802816, 2408448, 1605632, 2408448, 1605632, 3211264, 0]
cycles [28929.6, 28569.6, 7372.8, 7372.8, 3686.4, 3686.4, 819.2, 819.2, 3686.4, 3686.4, 3686.4, 3686.4, 3686.4, 3686.4, 1843.2, 7212.8, 7212.8, 7212.8, 3763.2, 15052.8, 15052.8, 15052.8, 7526.4, 30105.6, 30105.6, 30105.6, 30105.6, 40140.8]
Flop 21569101872
Bytes 77008704
OI 280.0865454377728
latency 343867.1999999999
max_gflops 307200.0
throughput 62725.09233797235



batch 4 ***********************
# of configs 29
from_DRAM [1204224, 3211264, 3211264, 1605632, 1204224, 401408, 602112, 401408, 12096, 1028096, 602112, 4919296, 802816, 401408, 4919296, 1204224, 802816, 802816, 1204224, 2383872, 2596864, 2703360, 1605632, 4014080, 4816896, 6422528, 4816896, 6422528, 6422528]
to_DRAM [6422528, 6422528, 4816896, 3211264, 2007040, 401408, 802816, 12096, 1028096, 602112, 4919296, 401408, 401408, 4919296, 602112, 802816, 401408, 401408, 1982464, 1392640, 1900544, 1605632, 1605632, 4816896, 3211264, 4816896, 3211264, 6422528, 0]
cycles [57859.2, 56678.4, 28569.6, 28569.6, 14745.6, 7372.8, 7372.8, 7372.8, 800.0, 819.2, 7372.8, 7372.8, 7212.8, 7372.8, 4096.0, 3606.4, 14425.6, 14425.6, 14425.6, 7526.4, 30105.6, 30105.6, 30105.6, 15052.8, 60211.2, 60211.2, 60211.2, 60211.2, 80281.6]
Flop 43126696864
Bytes 140287616
OI 307.41627873981406
latency 724492.7999999998
max_gflops 307200.0
throughput 59526.7432112507



batch 8 ***********************
# of configs 32
from_DRAM [2408448, 3211264, 6422528, 6422528, 3211264, 4816896, 3211264, 1605632, 1204224, 401408, 802816, 24192, 8192, 1204224, 1204224, 5521408, 1204224, 5120000, 2408448, 1605632, 1605632, 2408448, 3588096, 4603904, 5111808, 3211264, 8028160, 9633792, 12845056, 9633792, 9633792, 6422528]
to_DRAM [9633792, 6422528, 12845056, 9633792, 3211264, 8028160, 4014080, 2408448, 1204224, 802816, 32384, 0, 1204224, 802816, 5120000, 1204224, 5120000, 1204224, 1605632, 802816, 802816, 2785280, 2195456, 3506176, 3211264, 3211264, 9633792, 6422528, 9633792, 6422528, 3211264, 0]
cycles [115718.4, 113356.8, 113356.8, 113356.8, 57139.2, 57139.2, 29491.2, 29491.2, 14745.6, 14745.6, 819.2, 819.2, 14745.6, 14425.6, 14745.6, 3686.4, 14745.6, 8192.0, 7212.8, 28851.2, 28851.2, 28851.2, 15052.8, 60211.2, 60211.2, 60211.2, 30105.6, 120422.4, 120422.4, 120422.4, 120422.4, 160563.2]
Flop 86241886848
Bytes 255081728
OI 338.0951176871438
latency 1692531.199999999
max_gflops 307200.0
throughput 50954.385271007144



batch 16 ***********************
# of configs 36
from_DRAM [4816896, 6422528, 6422528, 12845056, 6422528, 6422528, 12845056, 6422528, 9633792, 6422528, 6422528, 3211264, 2408448, 802816, 1605632, 48384, 16384, 2408448, 2408448, 6324224, 2408448, 5521408, 4816896, 3211264, 3211264, 4816896, 5996544, 8617984, 9928704, 6422528, 3211264, 19267584, 19267584, 25690112, 19267584, 25690112]
to_DRAM [19267584, 12845056, 6422528, 19267584, 12845056, 6422528, 19267584, 6422528, 12845056, 9633792, 8028160, 4816896, 2408448, 1605632, 64768, 0, 2408448, 1605632, 5521408, 2408448, 5521408, 2408448, 3211264, 1605632, 1605632, 4390912, 3801088, 6717440, 6422528, 6422528, 6422528, 19267584, 12845056, 19267584, 12845056, 0]
cycles [231436.8, 226713.6, 226713.6, 15749.210397253555, 226713.6, 226713.6, 15749.210397253555, 113356.8, 113356.8, 113356.8, 57139.2, 57139.2, 29491.2, 29491.2, 819.2251103482099, 819.2, 29491.2, 28851.2, 29491.2, 4282.8209906817065, 29491.2, 16384.0, 14425.6, 57702.4, 57702.4, 57702.4, 30105.6, 120422.4, 120422.4, 120422.4, 25190.4, 60211.2, 240844.8, 240844.8, 240844.8, 321126.4]
Flop 172472266816
Bytes 538540544
OI 320.2586485596152
latency 3530718.866895536
max_gflops 307200.0
throughput 48849.05123234865



batch 32 ***********************
# of configs 41
from_DRAM [9633792, 12845056, 12845056, 25690112, 12845056, 12845056, 25690112, 12845056, 6422528, 19267584, 6422528, 6422528, 12845056, 9633792, 6422528, 3211264, 4816896, 3211264, 65536, 1056768, 4816896, 6324224, 6422528, 3211264, 6324224, 9633792, 6422528, 6422528, 9633792, 4390912, 19267584, 6422528, 19267584, 25690112, 19267584, 38535168, 38535168, 51380224, 38535168, 51380224, 102760448]
to_DRAM [38535168, 25690112, 12845056, 38535168, 25690112, 12845056, 38535168, 12845056, 6422528, 19267584, 12845056, 6422528, 19267584, 9633792, 12845056, 3211264, 6422528, 65536, 1056768, 4816896, 6324224, 3211264, 3211264, 6324224, 4816896, 6422528, 3211264, 3211264, 7602176, 9633792, 19267584, 6422528, 12845056, 19267584, 19267584, 38535168, 25690112, 38535168, 25690112, 102760448, 0]
cycles [462873.6, 453427.2, 453427.2, 31498.42079450711, 453427.2, 453427.2, 31498.42079450711, 113356.8, 226713.6, 18899.052476704266, 226713.6, 226713.6, 57139.2, 114278.4, 114278.4, 58982.4, 58982.4, 58982.4, 819.2, 2880.6591466405102, 58982.4, 58982.4, 57702.4, 58982.4, 32768.0, 28851.2, 115404.8, 115404.8, 115404.8, 38092.8, 60211.2, 75571.2, 240844.8, 240844.8, 240844.8, 120422.4, 481689.6, 481689.6, 481689.6, 481689.6, 642252.8]
Flop 344933026752
Bytes 1349730304
OI 255.55699959449083
latency 7846645.353212357
max_gflops 307200.0
throughput 43959.29868434631



batch 64 ***********************
# of configs 47
from_DRAM [19267584, 102760448, 25690112, 25690112, 51380224, 25690112, 25690112, 51380224, 25690112, 12845056, 38535168, 12845056, 12845056, 25690112, 12845056, 19267584, 12845056, 6422528, 9633792, 6422528, 65536, 193536, 65536, 9633792, 9633792, 11141120, 9633792, 7929856, 19267584, 12845056, 12845056, 12845056, 19267584, 38535168, 12845056, 38535168, 51380224, 38535168, 77070336, 25690112, 77070336, 102760448, 25690112, 77070336, 102760448, 102760448, 102760448]
to_DRAM [102760448, 77070336, 51380224, 25690112, 77070336, 51380224, 25690112, 77070336, 25690112, 12845056, 38535168, 25690112, 12845056, 38535168, 12845056, 25690112, 19267584, 6422528, 12845056, 131072, 193536, 0, 9633792, 6422528, 7929856, 9633792, 7929856, 9633792, 12845056, 6422528, 6422528, 19267584, 19267584, 38535168, 12845056, 25690112, 38535168, 38535168, 77070336, 25690112, 51380224, 51380224, 51380224, 51380224, 102760448, 102760448, 0]
cycles [925629.6, 170013.6, 906854.4, 906854.4, 62996.84158901422, 906854.4, 906854.4, 62996.84158901422, 226713.6, 453427.2, 37798.10495340853, 453427.2, 453427.2, 31498.42079450711, 226713.6, 226713.6, 226713.6, 114278.4, 114278.4, 114278.4, 819.2, 819.2, 114278.4, 115404.8, 115404.8, 10188.77488965179, 115404.8, 63488.0, 57702.4, 230809.6, 230809.6, 125952.0, 230809.6, 120422.4, 151142.4, 481689.6, 481689.6, 481689.6, 240844.8, 201523.2, 963379.2, 963379.2, 201523.2, 963379.2, 963379.2, 402995.2, 1284505.6]
Flop 689854546624
Bytes 3025266688
OI 228.03098627977886
latency 16841755.783815593
max_gflops 307200.0
throughput 40960.963659556735



batch 128 ***********************
# of configs 58
from_DRAM [38535168, 205520896, 205520896, 51380224, 51380224, 102760448, 51380224, 51380224, 102760448, 51380224, 25690112, 77070336, 25690112, 25690112, 51380224, 25690112, 12845056, 38535168, 12845056, 12845056, 25690112, 12845056, 6422528, 19267584, 12845056, 131072, 643072, 1155072, 19267584, 11141120, 25690112, 12845056, 11141120, 38535168, 12845056, 38535168, 51380224, 12845056, 38535168, 77070336, 25690112, 77070336, 102760448, 25690112, 77070336, 77070336, 77070336, 51380224, 154140672, 102760448, 102760448, 51380224, 154140672, 102760448, 102760448, 205520896, 205520896, 205520896]
to_DRAM [205520896, 205520896, 154140672, 102760448, 51380224, 154140672, 102760448, 51380224, 154140672, 51380224, 25690112, 77070336, 51380224, 25690112, 77070336, 25690112, 12845056, 38535168, 25690112, 12845056, 38535168, 12845056, 6422528, 25690112, 262144, 512000, 1155072, 19267584, 11141120, 12845056, 12845056, 11141120, 19267584, 25690112, 25690112, 25690112, 38535168, 12845056, 38535168, 77070336, 25690112, 51380224, 51380224, 51380224, 77070336, 0, 102760448, 102760448, 102760448, 0, 102760448, 102760448, 102760448, 0, 205520896, 411041792, 0, 0]
cycles [1851259.2, 201589.8930848455, 340020.0, 1813708.8, 1813708.8, 125993.68317802844, 1813708.8, 1813708.8, 125993.68317802844, 453427.2, 906854.4, 75596.20990681706, 906854.4, 906854.4, 62996.84158901422, 226713.6, 453427.2, 37798.10495340853, 453427.2, 453427.2, 31498.42079450711, 228556.8, 6299.684158901422, 228556.8, 228556.8, 1638.4, 1600.0, 10016.01569396763, 230809.6, 228556.8, 230809.6, 230809.6, 126976.0, 115404.8, 251904.0, 461619.2, 461619.2, 251904.0, 461619.2, 240844.8, 302284.8, 963379.2, 963379.2, 302284.8, 963379.2, 481689.6, 88195.57822461991, 403046.4, 1926758.4, 1926758.4, 100794.94654242275, 403046.4, 1926758.4, 1926758.4, 340020.0, 302384.83962726826, 805990.4, 2569011.2]
Flop 1379697586368
Bytes 7061823488
OI 195.37412521177987
latency 35562588.30093182
max_gflops 307200.0
throughput 38796.32086092701



batch 256 ***********************
forward2_batchnorm
