batch 1 ***********************
# of configs 8
from_DRAM [301056, 401408, 100352, 301056, 501760, 802816, 1806336, 2408448]
to_DRAM [3010560, 802816, 200704, 200704, 301056, 602112, 1204224, 0]
cycles [30811.2, 15667.2, 14745.6, 14745.6, 9216.0, 15052.8, 30105.6, 40140.8]
Flop 10790304376
Bytes 12945408
OI 833.5237001413938
latency 170484.8
max_gflops 307200.0
throughput 63291.88511820409



batch 2 ***********************
# of configs 9
from_DRAM [602112, 1605632, 602112, 200704, 702464, 1204224, 1806336, 4816896, 2482176]
to_DRAM [4816896, 3211264, 1003520, 301056, 602112, 602112, 1204224, 1679360, 0]
cycles [61504.8, 60364.8, 22118.4, 22118.4, 22118.4, 16588.8, 30105.6, 60211.2, 80281.6]
Flop 21569101872
Bytes 27443200
OI 785.9543301072761
latency 375412.0
max_gflops 307200.0
throughput 57454.4816681406



batch 4 ***********************
# of configs 11
from_DRAM [1204224, 3211264, 3211264, 1605632, 401408, 1204224, 2007040, 3211264, 5619712, 9633792, 6422528]
to_DRAM [6422528, 6422528, 4816896, 4014080, 802816, 802816, 1204224, 2408448, 4816896, 4816896, 0]
cycles [123009.6, 120729.6, 60825.6, 60825.6, 36864.0, 36864.0, 31334.4, 60211.2, 60211.2, 120422.4, 160563.2]
Flop 43126696864
Bytes 74260480
OI 580.7489645097904
latency 871860.8
max_gflops 307200.0
throughput 49465.117440765775



batch 8 ***********************
# of configs 16
from_DRAM [2408448, 3211264, 6422528, 6422528, 3211264, 4816896, 3211264, 1204224, 7127040, 5169152, 6422528, 8028160, 12845056, 12845056, 12845056, 6422528]
to_DRAM [9633792, 6422528, 12845056, 9633792, 3211264, 8028160, 5218304, 5521408, 3563520, 2408448, 4816896, 6422528, 9633792, 9633792, 3211264, 0]
cycles [245901.6, 240998.4, 240998.4, 240998.4, 120729.6, 120729.6, 66355.2, 66355.2, 66355.2, 60825.6, 120422.4, 120422.4, 240844.8, 240844.8, 240844.8, 321126.4]
Flop 86241886848
Bytes 202817536
OI 425.21908385673316
latency 2754752.8
max_gflops 307200.0
throughput 31306.579250232546



batch 16 ***********************
# of configs 22
from_DRAM [4816896, 6422528, 6422528, 12845056, 6422528, 6422528, 12845056, 6422528, 9633792, 6422528, 6422528, 3211264, 1670400, 6422528, 8028160, 12845056, 16056320, 19267584, 19267584, 25690112, 19267584, 25690112]
to_DRAM [19267584, 12845056, 6422528, 19267584, 12845056, 6422528, 19267584, 6422528, 12845056, 9633792, 8028160, 4078848, 2408448, 4816896, 6422528, 9633792, 12845056, 19267584, 12845056, 19267584, 12845056, 0]
cycles [491803.2, 481996.8, 481996.8, 15749.210397253555, 481996.8, 481996.8, 15749.210397253555, 241459.2, 241459.2, 241459.2, 121651.2, 125337.6, 125337.6, 125337.6, 121651.2, 240844.8, 240844.8, 160665.6, 481689.6, 481689.6, 481689.6, 642252.8]
Flop 172472266816
Bytes 480213504
OI 359.1574692909927
latency 6524658.420794507
max_gflops 307200.0
throughput 26433.915109842346



batch 32 ***********************
# of configs 29
from_DRAM [9633792, 12845056, 12845056, 25690112, 12845056, 12845056, 25690112, 12845056, 6422528, 19267584, 6422528, 6422528, 12845056, 9633792, 6422528, 6422528, 4268032, 12845056, 16056320, 19267584, 19267584, 25690112, 19267584, 38535168, 38535168, 51380224, 38535168, 51380224, 102760448]
to_DRAM [38535168, 25690112, 12845056, 38535168, 25690112, 12845056, 38535168, 12845056, 6422528, 19267584, 12845056, 6422528, 19267584, 9633792, 12845056, 5873664, 4816896, 9633792, 12845056, 19267584, 12845056, 19267584, 19267584, 38535168, 25690112, 38535168, 25690112, 102760448, 0]
cycles [983488.8, 963532.8, 963532.8, 31498.42079450711, 963532.8, 963532.8, 31498.42079450711, 240998.4, 481996.8, 18899.052476704266, 481996.8, 481996.8, 120729.6, 241459.2, 241459.2, 243302.4, 243302.4, 241459.2, 241459.2, 267776.0, 481689.6, 481689.6, 481689.6, 321177.6, 963379.2, 963379.2, 963379.2, 963379.2, 1284505.6]
Flop 344933026752
Bytes 1264140288
OI 272.8597688297076
latency 15351720.694065714
max_gflops 307200.0
throughput 22468.688274490014



batch 64 ***********************
# of configs 37
from_DRAM [19267584, 102760448, 25690112, 25690112, 51380224, 25690112, 25690112, 51380224, 25690112, 12845056, 38535168, 12845056, 12845056, 25690112, 12845056, 19267584, 12845056, 12845056, 6422528, 19267584, 12845056, 25690112, 12845056, 19267584, 38535168, 38535168, 51380224, 38535168, 77070336, 25690112, 77070336, 102760448, 25690112, 77070336, 102760448, 102760448, 102760448]
to_DRAM [102760448, 77070336, 51380224, 25690112, 77070336, 51380224, 25690112, 77070336, 25690112, 12845056, 38535168, 25690112, 12845056, 38535168, 12845056, 25690112, 19267584, 12845056, 12845056, 6422528, 19267584, 6422528, 19267584, 19267584, 38535168, 25690112, 38535168, 38535168, 77070336, 25690112, 51380224, 51380224, 51380224, 51380224, 102760448, 102760448, 0]
cycles [1966977.6, 361267.2, 1927065.6, 1927065.6, 62996.84158901422, 1927065.6, 1927065.6, 62996.84158901422, 481996.8, 963993.6, 37798.10495340853, 963993.6, 963993.6, 31498.42079450711, 482918.4, 482918.4, 482918.4, 486604.8, 486604.8, 486604.8, 482918.4, 482918.4, 482918.4, 481689.6, 535552.0, 963379.2, 963379.2, 963379.2, 481689.6, 642355.2, 1926758.4, 1926758.4, 642355.2, 1926758.4, 1926758.4, 856371.2, 2569011.2]
Flop 689854546624
Bytes 2922250240
OI 236.0696346880957
latency 34769295.00892594
max_gflops 307200.0
throughput 19840.91269169827



batch 128 ***********************
# of configs 49
from_DRAM [38535168, 205520896, 205520896, 51380224, 51380224, 102760448, 51380224, 51380224, 102760448, 51380224, 25690112, 77070336, 25690112, 25690112, 51380224, 25690112, 12845056, 38535168, 12845056, 12845056, 25690112, 12845056, 19267584, 19267584, 23986176, 19267584, 38535168, 38535168, 51380224, 38535168, 77070336, 25690112, 77070336, 102760448, 25690112, 77070336, 77070336, 77070336, 51380224, 154140672, 102760448, 102760448, 51380224, 154140672, 102760448, 102760448, 205520896, 205520896, 205520896]
to_DRAM [205520896, 205520896, 154140672, 102760448, 51380224, 154140672, 102760448, 51380224, 154140672, 51380224, 25690112, 77070336, 51380224, 25690112, 77070336, 25690112, 12845056, 38535168, 25690112, 12845056, 38535168, 12845056, 25690112, 17563648, 19267584, 19267584, 38535168, 25690112, 38535168, 38535168, 77070336, 25690112, 51380224, 51380224, 51380224, 77070336, 0, 102760448, 102760448, 102760448, 0, 102760448, 102760448, 102760448, 0, 205520896, 411041792, 0, 0]
cycles [3933837.6, 321126.4, 722534.4, 3853670.4, 3853670.4, 125993.68317802844, 3853670.4, 3853670.4, 125993.68317802844, 963532.8, 1927065.6, 75596.20990681706, 1927065.6, 1927065.6, 62996.84158901422, 481996.8, 963993.6, 37798.10495340853, 963993.6, 963993.6, 31498.42079450711, 965836.8, 965836.8, 965836.8, 965836.8, 963379.2, 963993.6, 963993.6, 963993.6, 963379.2, 481689.6, 1070592.0, 1926758.4, 1926758.4, 1070592.0, 1926758.4, 963379.2, 88195.57822461991, 1284556.8, 3853516.8, 3853516.8, 100794.94654242275, 1284556.8, 3853516.8, 3853516.8, 722534.4, 321126.4, 1712691.2, 5138022.4]
Flop 1379697586368
Bytes 6932922368
OI 199.0066400766598
latency 75085924.26836687
max_gflops 307200.0
throughput 18374.916468188912



batch 256 ***********************
forward2_batchnorm
