batch 1 ***********************
# of configs 3
from_DRAM [301056, 2408448, 1605632]
to_DRAM [3211264, 802816, 0]
cycles [491803.2, 530841.6, 535296.0]
Flop 10790304376
Bytes 8329216
OI 1295.4765941956603
latency 1557940.8
max_gflops 307200.0
throughput 6926.0041049056545



batch 2 ***********************
# of configs 5
from_DRAM [602112, 1605632, 2408448, 5619712, 3211264]
to_DRAM [4816896, 3211264, 1605632, 3211264, 0]
cycles [983606.4, 973209.6, 1002700.8, 1070592.0, 1003520.0]
Flop 21569101872
Bytes 26292224
OI 820.3604941141533
latency 5033628.8
max_gflops 307200.0
throughput 4285.000489507689



batch 4 ***********************
# of configs 7
from_DRAM [1204224, 3211264, 3211264, 1605632, 5619712, 8028160, 8028160]
to_DRAM [6422528, 6422528, 5619712, 3211264, 3211264, 4816896, 0]
cycles [1966977.6, 1927065.6, 1927987.2, 1946419.2, 1931673.6, 1927065.6, 2140928.0]
Flop 43126696864
Bytes 60612608
OI 711.5136320153061
latency 13768116.8
max_gflops 307200.0
throughput 3132.3598928213623



batch 8 ***********************
# of configs 13
from_DRAM [2408448, 3211264, 6422528, 6422528, 6422528, 3211264, 2408448, 8028160, 8028160, 12845056, 16056320, 9633792, 12845056]
to_DRAM [9633792, 6422528, 12845056, 9633792, 6422528, 6422528, 4014080, 4816896, 6422528, 9633792, 6422528, 12845056, 0]
cycles [3933955.2, 3854131.2, 3854131.2, 3854131.2, 3855974.4, 3863347.2, 3892838.4, 3863347.2, 3855974.4, 3854131.2, 3854131.2, 3854131.2, 4281856.0]
Flop 86241886848
Bytes 193478656
OI 445.7436733899992
latency 50672080.00000001
max_gflops 307200.0
throughput 1701.9606625186887



batch 16 ***********************
# of configs 21
from_DRAM [4816896, 6422528, 6422528, 12845056, 6422528, 6422528, 12845056, 6422528, 9633792, 6422528, 6422528, 3211264, 7225344, 9633792, 16056320, 9633792, 19267584, 19267584, 25690112, 19267584, 25690112]
to_DRAM [19267584, 12845056, 6422528, 19267584, 12845056, 6422528, 19267584, 6422528, 12845056, 9633792, 8028160, 4014080, 4816896, 9633792, 9633792, 9633792, 19267584, 12845056, 19267584, 12845056, 0]
cycles [7867675.2, 7707340.8, 7707340.8, 80281.6, 7707340.8, 7707340.8, 80281.6, 7708262.4, 7708262.4, 7708262.4, 7711948.8, 7726694.4, 7726694.4, 7708262.4, 7708262.4, 7707033.6, 7707340.8, 7707340.8, 7707340.8, 7707340.8, 8563456.0]
Flop 172472266816
Bytes 475267072
OI 362.8954686261118
latency 147664104.0
max_gflops 307200.0
throughput 1168.004018200659



batch 32 ***********************
# of configs 29
from_DRAM [9633792, 12845056, 12845056, 25690112, 12845056, 12845056, 25690112, 12845056, 6422528, 19267584, 6422528, 6422528, 12845056, 9633792, 6422528, 6422528, 11239424, 16056320, 16056320, 9633792, 19267584, 25690112, 19267584, 38535168, 38535168, 51380224, 38535168, 51380224, 102760448]
to_DRAM [38535168, 25690112, 12845056, 38535168, 25690112, 12845056, 38535168, 12845056, 6422528, 19267584, 12845056, 6422528, 19267584, 9633792, 12845056, 8028160, 9633792, 9633792, 6422528, 19267584, 12845056, 19267584, 19267584, 38535168, 25690112, 38535168, 25690112, 102760448, 0]
cycles [15735350.4, 15414681.6, 15414681.6, 160563.2, 15414681.6, 15414681.6, 160563.2, 7708262.4, 15416524.8, 80281.6, 15416524.8, 15416524.8, 7711948.8, 15423897.6, 15423897.6, 15453388.8, 15453388.8, 15423897.6, 15414067.2, 15416524.8, 15416524.8, 15416524.8, 15414067.2, 15414681.6, 15414681.6, 15414681.6, 15414681.6, 15414067.2, 17126912.0]
Flop 344933026752
Bytes 1265238016
OI 272.6230340774079
latency 387921155.2000001
max_gflops 307200.0
throughput 889.1833356553169



batch 64 ***********************
# of configs 36
from_DRAM [19267584, 102760448, 25690112, 25690112, 51380224, 25690112, 25690112, 51380224, 25690112, 12845056, 38535168, 12845056, 12845056, 25690112, 12845056, 19267584, 12845056, 12845056, 9633792, 16056320, 16056320, 25690112, 19267584, 38535168, 38535168, 51380224, 38535168, 77070336, 25690112, 77070336, 102760448, 25690112, 77070336, 102760448, 102760448, 102760448]
to_DRAM [102760448, 77070336, 51380224, 25690112, 77070336, 51380224, 25690112, 77070336, 25690112, 12845056, 38535168, 25690112, 12845056, 38535168, 12845056, 25690112, 19267584, 12845056, 6422528, 9633792, 19267584, 19267584, 19267584, 38535168, 25690112, 38535168, 38535168, 77070336, 25690112, 51380224, 51380224, 51380224, 51380224, 102760448, 102760448, 0]
cycles [31470465.6, 2890137.6, 30828441.6, 30828441.6, 321126.4, 30828441.6, 30828441.6, 321126.4, 15414681.6, 30829363.2, 160563.2, 30829363.2, 30829363.2, 160563.2, 30833049.6, 30833049.6, 30833049.6, 30847795.2, 30847795.2, 30847795.2, 30833049.6, 30833049.6, 30828134.4, 30829363.2, 30829363.2, 30829363.2, 30828134.4, 15414067.2, 30828441.6, 30828441.6, 30828134.4, 30828441.6, 30828441.6, 30828134.4, 34253568.0, 32112640.0]
Flop 689854546624
Bytes 2902982656
OI 237.636468546645
latency 934143822.4000002
max_gflops 307200.0
throughput 738.4885818241855



batch 128 ***********************
# of configs 47
from_DRAM [38535168, 205520896, 205520896, 51380224, 51380224, 102760448, 51380224, 51380224, 102760448, 51380224, 25690112, 77070336, 25690112, 25690112, 51380224, 25690112, 12845056, 38535168, 12845056, 12845056, 25690112, 12845056, 19267584, 19267584, 32112640, 38535168, 38535168, 51380224, 38535168, 77070336, 25690112, 77070336, 102760448, 25690112, 77070336, 154140672, 51380224, 154140672, 102760448, 102760448, 51380224, 154140672, 102760448, 102760448, 205520896, 205520896, 205520896]
to_DRAM [205520896, 205520896, 154140672, 102760448, 51380224, 154140672, 102760448, 51380224, 154140672, 51380224, 25690112, 77070336, 51380224, 25690112, 77070336, 25690112, 12845056, 38535168, 25690112, 12845056, 38535168, 12845056, 25690112, 19267584, 25690112, 38535168, 25690112, 38535168, 38535168, 77070336, 25690112, 51380224, 51380224, 51380224, 77070336, 102760448, 102760448, 102760448, 0, 102760448, 102760448, 102760448, 0, 205520896, 411041792, 0, 0]
cycles [62940931.2, 2569011.2, 5780275.2, 61656883.2, 61656883.2, 642252.8, 61656883.2, 61656883.2, 642252.8, 30829363.2, 61658726.4, 321126.4, 61658726.4, 61658726.4, 321126.4, 30833049.6, 61666099.2, 160563.2, 61666099.2, 61666099.2, 160563.2, 61695590.4, 61695590.4, 61695590.4, 61695590.4, 61666099.2, 61666099.2, 61666099.2, 61656268.8, 30828134.4, 61658726.4, 61658726.4, 61656268.8, 61658726.4, 61656268.8, 30828134.4, 61656883.2, 61656883.2, 61656268.8, 642252.8, 61656883.2, 61656883.2, 61656268.8, 5780275.2, 2569011.2, 68507136.0, 64225280.0]
Flop 1379697586368
Bytes 6910640128
OI 199.64830476092186
latency 2126848464.0000005
max_gflops 307200.0
throughput 648.7051662219409



batch 256 ***********************
forward2_batchnorm
