batch 1 ***********************
# of configs 4
from_DRAM [301056, 401408, 3311616, 802816]
to_DRAM [3211264, 501760, 802816, 0]
cycles [61504.8, 44236.8, 60211.2, 70246.4]
Flop 10790304376
Bytes 9332736
OI 1156.1780356799977
latency 236199.19999999998
max_gflops 307200.0
throughput 45683.06910438308



batch 2 ***********************
# of configs 5
from_DRAM [602112, 1605632, 602112, 3813376, 4816896]
to_DRAM [4816896, 3211264, 401408, 2408448, 0]
cycles [123009.6, 120729.6, 73728.0, 120422.4, 140492.8]
Flop 21569101872
Bytes 22278144
OI 968.173195756343
latency 578382.3999999999
max_gflops 307200.0
throughput 37292.11309334448



batch 4 ***********************
# of configs 8
from_DRAM [1204224, 3211264, 3211264, 1605632, 9334784, 6422528, 8028160, 6422528]
to_DRAM [6422528, 6422528, 5619712, 7729152, 2408448, 4816896, 4816896, 0]
cycles [245901.6, 240998.4, 120729.6, 132710.4, 132710.4, 240844.8, 240844.8, 280985.6]
Flop 43126696864
Bytes 77676544
OI 555.208749555078
latency 1635725.6
max_gflops 307200.0
throughput 26365.483834207887



batch 8 ***********************
# of configs 13
from_DRAM [2408448, 3211264, 6422528, 6422528, 6422528, 3211264, 2408448, 6422528, 9633792, 12845056, 12845056, 12845056, 6422528]
to_DRAM [9633792, 6422528, 12845056, 9633792, 6422528, 6422528, 4014080, 4816896, 6422528, 9633792, 9633792, 3211264, 0]
cycles [491803.2, 481996.8, 481996.8, 481996.8, 241459.2, 243302.4, 250675.2, 243302.4, 241459.2, 481689.6, 481689.6, 481689.6, 561971.2]
Flop 86241886848
Bytes 180633600
OI 477.4410012755102
latency 5165032.000000001
max_gflops 307200.0
throughput 16697.260897512344



batch 16 ***********************
# of configs 21
from_DRAM [4816896, 6422528, 6422528, 12845056, 6422528, 6422528, 12845056, 6422528, 9633792, 6422528, 6422528, 3211264, 11943936, 9633792, 16056320, 9633792, 19267584, 19267584, 25690112, 19267584, 25690112]
to_DRAM [19267584, 12845056, 6422528, 19267584, 12845056, 6422528, 19267584, 6422528, 12845056, 9633792, 8028160, 8732672, 4816896, 9633792, 9633792, 9633792, 19267584, 12845056, 19267584, 12845056, 0]
cycles [983488.8, 963532.8, 963532.8, 20070.4, 963532.8, 963532.8, 20070.4, 481996.8, 481996.8, 481996.8, 482918.4, 486604.8, 486604.8, 481996.8, 481996.8, 481689.6, 535296.0, 963379.2, 963379.2, 963379.2, 1123942.4]
Flop 172472266816
Bytes 484704256
OI 355.82989973993546
latency 13774938.399999999
max_gflops 307200.0
throughput 12520.728718177064



batch 32 ***********************
# of configs 29
from_DRAM [9633792, 12845056, 12845056, 25690112, 12845056, 12845056, 25690112, 12845056, 6422528, 19267584, 6422528, 6422528, 12845056, 9633792, 6422528, 6422528, 11239424, 16056320, 9633792, 19267584, 19267584, 25690112, 19267584, 38535168, 38535168, 51380224, 38535168, 51380224, 102760448]
to_DRAM [38535168, 25690112, 12845056, 38535168, 25690112, 12845056, 38535168, 12845056, 6422528, 19267584, 12845056, 6422528, 19267584, 9633792, 12845056, 8028160, 9633792, 9633792, 9633792, 19267584, 12845056, 19267584, 19267584, 38535168, 25690112, 38535168, 25690112, 102760448, 0]
cycles [1966977.6, 1927065.6, 1927065.6, 40140.8, 1927065.6, 1927065.6, 40140.8, 481996.8, 963993.6, 20070.4, 963993.6, 963993.6, 482918.4, 965836.8, 965836.8, 973209.6, 973209.6, 965836.8, 963379.2, 963993.6, 963993.6, 963993.6, 963379.2, 1070592.0, 1926758.4, 1926758.4, 1926758.4, 1926758.4, 2247884.8]
Flop 344933026752
Bytes 1271660544
OI 271.24615006691596
latency 34320667.2
max_gflops 307200.0
throughput 10050.300734013701



batch 64 ***********************
# of configs 37
from_DRAM [19267584, 102760448, 25690112, 25690112, 51380224, 25690112, 25690112, 51380224, 25690112, 12845056, 38535168, 12845056, 12845056, 25690112, 12845056, 19267584, 12845056, 12845056, 6422528, 16056320, 25690112, 14024704, 12845056, 19267584, 38535168, 38535168, 51380224, 38535168, 77070336, 25690112, 77070336, 102760448, 25690112, 77070336, 102760448, 102760448, 102760448]
to_DRAM [102760448, 77070336, 51380224, 25690112, 77070336, 51380224, 25690112, 77070336, 25690112, 12845056, 38535168, 25690112, 12845056, 38535168, 12845056, 25690112, 19267584, 12845056, 9633792, 12845056, 14024704, 6422528, 19267584, 19267584, 38535168, 25690112, 38535168, 38535168, 77070336, 25690112, 51380224, 51380224, 51380224, 51380224, 102760448, 102760448, 0]
cycles [3933837.6, 722534.4, 3853670.4, 3853670.4, 80281.6, 3853670.4, 3853670.4, 80281.6, 963532.8, 1927065.6, 40140.8, 1927065.6, 1927065.6, 40140.8, 1927987.2, 1927987.2, 1927987.2, 1931673.6, 1931673.6, 1931673.6, 1927987.2, 1927987.2, 1927987.2, 1926758.4, 1927065.6, 1927065.6, 1927065.6, 1926758.4, 963379.2, 2140928.0, 3853516.8, 3853516.8, 2140928.0, 3853516.8, 3853516.8, 3425382.4, 4495769.6]
Flop 689854546624
Bytes 2918187008
OI 236.39833387401606
latency 82634740.00000001
max_gflops 307200.0
throughput 8348.238847535551



batch 128 ***********************
# of configs 49
from_DRAM [38535168, 205520896, 205520896, 51380224, 51380224, 102760448, 51380224, 51380224, 102760448, 51380224, 25690112, 77070336, 25690112, 25690112, 51380224, 25690112, 12845056, 38535168, 12845056, 12845056, 25690112, 12845056, 19267584, 19267584, 32112640, 6422528, 38535168, 38535168, 51380224, 38535168, 77070336, 25690112, 77070336, 102760448, 25690112, 77070336, 77070336, 77070336, 51380224, 154140672, 102760448, 102760448, 51380224, 154140672, 102760448, 102760448, 205520896, 205520896, 205520896]
to_DRAM [205520896, 205520896, 154140672, 102760448, 51380224, 154140672, 102760448, 51380224, 154140672, 51380224, 25690112, 77070336, 51380224, 25690112, 77070336, 25690112, 12845056, 38535168, 25690112, 12845056, 38535168, 12845056, 25690112, 19267584, 19267584, 12845056, 38535168, 25690112, 38535168, 38535168, 77070336, 25690112, 51380224, 51380224, 51380224, 77070336, 0, 102760448, 102760448, 102760448, 0, 102760448, 102760448, 102760448, 0, 205520896, 411041792, 0, 0]
cycles [7867675.2, 642252.8, 1445068.8, 7707340.8, 7707340.8, 160563.2, 7707340.8, 7707340.8, 160563.2, 1927065.6, 3854131.2, 80281.6, 3854131.2, 3854131.2, 80281.6, 1927987.2, 3855974.4, 40140.8, 3855974.4, 3855974.4, 40140.8, 3863347.2, 3863347.2, 3863347.2, 3863347.2, 1931673.6, 3855974.4, 3855974.4, 3855974.4, 3853516.8, 1926758.4, 3854131.2, 3854131.2, 3853516.8, 3854131.2, 3853516.8, 1926758.4, 160563.2, 4281856.0, 7707033.6, 7707033.6, 160563.2, 4281856.0, 7707033.6, 7707033.6, 1445068.8, 642252.8, 6850764.8, 8991539.2]
Flop 1379697586368
Bytes 6923485184
OI 199.27789974281254
latency 181903745.60000005
max_gflops 307200.0
throughput 7584.767327451885



batch 256 ***********************
forward2_batchnorm
