batch 1 ***********************
# of configs 29
from_DRAM [301056, 802816, 401408, 200704, 150528, 50176, 3024, 1025024, 150528, 4768768, 100352, 150528, 4768768, 150528, 250880, 1280000, 401408, 301056, 1280000, 602112, 602112, 802816, 602112, 1003520, 1204224, 1605632, 1204224, 1605632, 3211264]
to_DRAM [2809856, 1204224, 501760, 301056, 150528, 4048, 1024000, 150528, 4768768, 100352, 0, 4818944, 150528, 0, 1380352, 200704, 301056, 1280000, 301056, 602112, 401408, 602112, 401408, 1204224, 802816, 1204224, 802816, 3211264, 0]
cycles [13824.0, 7372.8, 3686.4, 3686.4, 3686.4, 819.2, 503.69004413928394, 819.2, 3276.8, 3686.4, 3686.4, 3276.8, 3686.4, 1843.2, 3449.6, 1843.2, 3449.6, 3449.6, 1843.2, 1724.8, 6899.2, 6899.2, 6899.2, 3763.2, 15052.8, 15052.8, 15052.8, 15052.8, 20070.4]
Flop 10790304376
Bytes 57661344
OI 187.1323772127129
latency 174356.49004413927
max_gflops 307200.0
throughput 61886.45099054459



batch 2 ***********************
# of configs 33
from_DRAM [602112, 1605632, 802816, 401408, 200704, 301056, 100352, 200704, 6048, 1026048, 301056, 4818944, 301056, 4919296, 301056, 4818944, 401408, 2660352, 602112, 1380352, 802816, 602112, 1380352, 1204224, 1204224, 1605632, 1204224, 2007040, 2408448, 3211264, 2408448, 3211264, 6422528]
to_DRAM [4816896, 2809856, 1204224, 802816, 200704, 301056, 200704, 6048, 1026048, 301056, 4818944, 200704, 4818944, 301056, 4818944, 200704, 2560000, 602112, 1380352, 401408, 602112, 1380352, 602112, 1204224, 802816, 1204224, 802816, 2408448, 1605632, 2408448, 1605632, 6422528, 0]
cycles [27400.8, 27187.2, 7372.8, 7372.8, 1843.2, 3686.4, 3686.4, 3686.4, 800.0, 819.2, 3371.2, 3686.4, 3371.2, 3686.4, 3371.2, 3686.4, 1724.8, 1843.2, 6899.2, 3276.8, 6899.2, 6899.2, 1843.2, 3449.6, 13798.4, 13798.4, 13798.4, 7526.4, 30105.6, 30105.6, 30105.6, 30105.6, 40140.8]
Flop 21569101872
Bytes 106245952
OI 203.01104621849498
latency 347347.99999999994
max_gflops 307200.0
throughput 62096.5195481189



batch 4 ***********************
# of configs 34
from_DRAM [1204224, 3211264, 3211264, 1605632, 1204224, 802816, 602112, 200704, 401408, 12096, 1028096, 602112, 4919296, 602112, 5120000, 602112, 4919296, 802816, 2961408, 1204224, 1581056, 1605632, 1204224, 1581056, 2408448, 2408448, 3211264, 2408448, 4014080, 4816896, 6422528, 4816896, 6422528, 12845056]
to_DRAM [6422528, 6422528, 4816896, 3211264, 1605632, 1204224, 602112, 401408, 12096, 1028096, 602112, 4919296, 401408, 4919296, 602112, 4919296, 401408, 2760704, 1204224, 1581056, 802816, 1204224, 1581056, 1204224, 2408448, 1605632, 2408448, 1605632, 4816896, 3211264, 4816896, 3211264, 12845056, 0]
cycles [54684.0, 53913.6, 27648.0, 27648.0, 14745.6, 3686.4, 7372.8, 7372.8, 7372.8, 800.0, 819.2, 6742.4, 3686.4, 6742.4, 3686.4, 6742.4, 3686.4, 3449.6, 2042.9779303580187, 13798.4, 6553.6, 13798.4, 13798.4, 3276.8, 6899.2, 27596.8, 27596.8, 27596.8, 15052.8, 60211.2, 60211.2, 60211.2, 60211.2, 80281.6]
Flop 43126696864
Bytes 180723328
OI 238.6338130293838
latency 719936.5779303579
max_gflops 307200.0
throughput 59903.466758111856



batch 8 ***********************
# of configs 36
from_DRAM [2408448, 3211264, 6422528, 6422528, 3211264, 4816896, 3211264, 1605632, 1204224, 401408, 802816, 24192, 1032192, 1204224, 5120000, 1204224, 5521408, 1204224, 5120000, 1605632, 3563520, 2408448, 1982464, 3211264, 2408448, 1982464, 4816896, 4816896, 6422528, 4816896, 8028160, 9633792, 12845056, 9633792, 9633792, 6422528]
to_DRAM [9633792, 6422528, 12845056, 9633792, 3211264, 8028160, 4014080, 2408448, 1204224, 802816, 24192, 1032192, 1204224, 5120000, 802816, 5120000, 1204224, 5120000, 802816, 3162112, 2408448, 1982464, 1605632, 2408448, 1982464, 2408448, 4816896, 3211264, 4816896, 3211264, 9633792, 6422528, 9633792, 6422528, 3211264, 0]
cycles [109368.0, 107366.4, 107366.4, 107366.4, 54374.4, 54374.4, 27648.0, 27648.0, 14745.6, 14745.6, 14745.6, 800.0, 1096.8200098087298, 13484.8, 3686.4, 13484.8, 3686.4, 13484.8, 3686.4, 6899.2, 2928.871015203531, 27596.8, 12288.0, 27596.8, 27596.8, 6144.0, 13798.4, 55193.6, 55193.6, 55193.6, 30105.6, 120422.4, 120422.4, 120422.4, 120422.4, 160563.2]
Flop 86241886848
Bytes 294354176
OI 292.98679577082
latency 1655947.291025012
max_gflops 307200.0
throughput 52080.09174894527



batch 16 ***********************
# of configs 40
from_DRAM [4816896, 6422528, 6422528, 12845056, 6422528, 6422528, 12845056, 6422528, 9633792, 6422528, 6422528, 3211264, 2408448, 802816, 1605632, 48384, 1040384, 2408448, 5521408, 2408448, 6324224, 2408448, 5521408, 3211264, 4767744, 4816896, 2785280, 6422528, 4816896, 2785280, 9633792, 9633792, 12845056, 9633792, 3211264, 19267584, 19267584, 25690112, 19267584, 25690112]
to_DRAM [19267584, 12845056, 6422528, 19267584, 12845056, 6422528, 19267584, 6422528, 12845056, 9633792, 8028160, 4816896, 2408448, 1605632, 48384, 1040384, 2408448, 5521408, 1605632, 5521408, 2408448, 5521408, 1605632, 3964928, 4816896, 2785280, 3211264, 4816896, 2785280, 4816896, 9633792, 6422528, 9633792, 6422528, 6422528, 19267584, 12845056, 19267584, 12845056, 0]
cycles [218618.4, 214272.0, 214272.0, 15749.210397253555, 214272.0, 214272.0, 15749.210397253555, 107827.2, 107827.2, 107827.2, 55296.0, 55296.0, 29491.2, 29491.2, 29491.2, 800.0, 1691.4330554193232, 26969.6, 3686.4, 26969.6, 4282.8209906817065, 26969.6, 3686.4, 13798.4, 4700.657184894556, 55193.6, 24576.0, 55193.6, 55193.6, 12288.0, 27596.8, 110387.2, 110387.2, 110387.2, 11980.8, 60211.2, 240844.8, 240844.8, 240844.8, 321126.4]
Flop 172472266816
Bytes 600291840
OI 287.31402848321244
latency 3420362.9320255024
max_gflops 307200.0
throughput 50425.13623367558



batch 32 ***********************
# of configs 46
from_DRAM [9633792, 12845056, 12845056, 25690112, 12845056, 12845056, 25690112, 12845056, 6422528, 19267584, 6422528, 6422528, 12845056, 9633792, 6422528, 3211264, 4816896, 1605632, 3211264, 32768, 96768, 1056768, 4816896, 6324224, 4816896, 7929856, 4816896, 6324224, 6422528, 7176192, 9633792, 4390912, 12845056, 9633792, 4390912, 19267584, 6422528, 19267584, 25690112, 19267584, 38535168, 38535168, 51380224, 38535168, 51380224, 102760448]
to_DRAM [38535168, 25690112, 12845056, 38535168, 25690112, 12845056, 38535168, 12845056, 6422528, 19267584, 12845056, 6422528, 19267584, 9633792, 12845056, 3211264, 4816896, 3211264, 65536, 96768, 1024000, 4816896, 6324224, 3211264, 6324224, 4816896, 6324224, 3211264, 5570560, 9633792, 4390912, 6422528, 9633792, 4390912, 9633792, 19267584, 6422528, 12845056, 19267584, 19267584, 38535168, 25690112, 38535168, 25690112, 102760448, 0]
cycles [437119.2, 428544.0, 428544.0, 31498.42079450711, 428544.0, 428544.0, 31498.42079450711, 107366.4, 214732.8, 18899.052476704266, 214732.8, 214732.8, 54374.4, 108748.8, 108748.8, 27648.0, 55296.0, 55296.0, 55296.0, 819.2, 549.6655223148603, 2880.6591466405102, 53939.2, 4676.551250613045, 53939.2, 6251.472290338401, 53939.2, 4676.551250613045, 27596.8, 8244.229524276607, 110387.2, 48332.8, 110387.2, 110387.2, 24166.4, 55193.6, 47718.4, 220774.4, 220774.4, 220774.4, 120422.4, 481689.6, 481689.6, 481689.6, 481689.6, 642252.8]
Flop 344933026752
Bytes 1404908544
OI 245.51991531770483
latency 7526006.223050513
max_gflops 307200.0
throughput 45832.14742708363



batch 64 ***********************
# of configs 51
from_DRAM [19267584, 102760448, 25690112, 25690112, 51380224, 25690112, 25690112, 51380224, 25690112, 12845056, 38535168, 12845056, 12845056, 25690112, 12845056, 19267584, 12845056, 6422528, 9633792, 3211264, 6422528, 65536, 193536, 1089536, 9633792, 7929856, 9633792, 11141120, 9633792, 7929856, 12845056, 11993088, 19267584, 7602176, 25690112, 19267584, 7602176, 38535168, 12845056, 38535168, 51380224, 38535168, 77070336, 25690112, 77070336, 102760448, 25690112, 77070336, 102760448, 102760448, 102760448]
to_DRAM [102760448, 77070336, 51380224, 25690112, 77070336, 51380224, 25690112, 77070336, 25690112, 12845056, 38535168, 25690112, 12845056, 38535168, 12845056, 25690112, 19267584, 6422528, 9633792, 6422528, 131072, 193536, 1024000, 9633792, 7929856, 6422528, 7929856, 9633792, 7929856, 6422528, 8781824, 19267584, 7602176, 12845056, 19267584, 7602176, 19267584, 38535168, 12845056, 25690112, 38535168, 38535168, 51380224, 51380224, 51380224, 51380224, 51380224, 51380224, 102760448, 102760448, 0]
cycles [874238.4, 160567.2, 856627.2, 856627.2, 62996.84158901422, 856627.2, 856627.2, 62996.84158901422, 214272.0, 428544.0, 37798.10495340853, 428544.0, 428544.0, 31498.42079450711, 215654.4, 215654.4, 215654.4, 55296.0, 110592.0, 110592.0, 110592.0, 819.2, 597.1240804315842, 5259.1113290828835, 107878.4, 7038.932810201079, 107878.4, 10188.77488965179, 107878.4, 7038.932810201079, 55193.6, 15331.374203040707, 220774.4, 95846.4, 220774.4, 220774.4, 47923.2, 110387.2, 95232.0, 441548.8, 441548.8, 441548.8, 240844.8, 95180.8, 963379.2, 963379.2, 95180.8, 963379.2, 963379.2, 380620.8, 1284505.6]
Flop 689854546624
Bytes 3103991808
OI 222.24754100381955
latency 15901854.059048558
max_gflops 307200.0
throughput 43382.01973570845



batch 128 ***********************
# of configs 62
from_DRAM [38535168, 205520896, 205520896, 51380224, 51380224, 102760448, 51380224, 51380224, 102760448, 51380224, 25690112, 77070336, 25690112, 25690112, 51380224, 25690112, 12845056, 38535168, 12845056, 12845056, 25690112, 12845056, 6422528, 19267584, 12845056, 131072, 643072, 1155072, 19267584, 11141120, 19267584, 17563648, 19267584, 11141120, 6422528, 19267584, 19267584, 38535168, 12845056, 51380224, 12845056, 38535168, 12845056, 77070336, 25690112, 77070336, 102760448, 25690112, 77070336, 77070336, 77070336, 51380224, 154140672, 102760448, 102760448, 51380224, 154140672, 102760448, 102760448, 205520896, 205520896, 205520896]
to_DRAM [205520896, 205520896, 154140672, 102760448, 51380224, 154140672, 102760448, 51380224, 154140672, 51380224, 25690112, 77070336, 51380224, 25690112, 77070336, 25690112, 12845056, 38535168, 25690112, 12845056, 38535168, 12845056, 6422528, 25690112, 262144, 512000, 1155072, 19267584, 11141120, 12845056, 11141120, 19267584, 11141120, 12845056, 12845056, 0, 38535168, 25690112, 12845056, 38535168, 12845056, 25690112, 25690112, 51380224, 51380224, 51380224, 51380224, 51380224, 77070336, 0, 102760448, 102760448, 102760448, 0, 102760448, 102760448, 102760448, 0, 205520896, 411041792, 0, 0]
cycles [1748359.2, 201589.8930848455, 321127.2, 1712793.6, 1712793.6, 125993.68317802844, 1712793.6, 1712793.6, 125993.68317802844, 428544.0, 857088.0, 75596.20990681706, 857088.0, 857088.0, 62996.84158901422, 214732.8, 429465.6, 37798.10495340853, 429465.6, 429465.6, 31498.42079450711, 108748.8, 217497.6, 217497.6, 217497.6, 1638.4, 1600.0, 10016.01569396763, 215756.8, 11763.695929377145, 215756.8, 18063.38008827857, 215756.8, 11763.695929377145, 96665.6, 110387.2, 190873.6, 441548.8, 190873.6, 441548.8, 190873.6, 441548.8, 95436.8, 220774.4, 190464.0, 883097.6, 883097.6, 190464.0, 883097.6, 481689.6, 88195.57822461991, 190310.4, 1926758.4, 1926758.4, 100794.94654242275, 190310.4, 1926758.4, 1926758.4, 321127.2, 302384.83962726826, 761190.4, 2569011.2]
Flop 1379697586368
Bytes 7135485952
OI 193.35720028728886
latency 33711222.588719964
max_gflops 307200.0
throughput 40926.95192934526



batch 256 ***********************
forward2_batchnorm
