batch 1 ***********************
# of configs 35
from_DRAM [301056, 802816, 401408, 200704, 200704, 100352, 5024, 1025024, 100352, 4768768, 100352, 4818944, 150528, 4768768, 150528, 2509824, 301056, 1280000, 301056, 1380352, 301056, 1280000, 401408, 890880, 602112, 495616, 802816, 602112, 495616, 1204224, 1204224, 1605632, 1204224, 1605632, 1605632]
to_DRAM [2408448, 1404928, 602112, 401408, 200704, 55200, 1025024, 100352, 4768768, 100352, 4718592, 150528, 4768768, 150528, 2359296, 301056, 1280000, 200704, 1280000, 301056, 1280000, 200704, 790528, 602112, 495616, 401408, 602112, 495616, 602112, 1204224, 802816, 1204224, 802816, 1605632, 0]
cycles [11760.0, 6451.2, 3686.4, 3686.4, 3686.4, 3686.4, 800.0, 819.2, 2867.2, 3686.4, 2363.3859735164297, 3686.4, 2867.2, 3686.4, 1230.9092692496322, 1843.2, 2979.2, 1843.2, 2979.2, 1843.2, 2979.2, 1843.2, 1568.0, 921.6, 6272.0, 1433.6, 6272.0, 6272.0, 921.6, 3136.0, 12544.0, 12544.0, 12544.0, 12544.0, 20070.4]
Flop 10790304376
Bytes 75636544
OI 142.65993401284967
latency 168317.49524276608
max_gflops 290883.6054522005
throughput 64106.84973916129



batch 2 ***********************
# of configs 42
from_DRAM [602112, 1605632, 802816, 602112, 401408, 301056, 100352, 200704, 2048, 6048, 1024000, 2048, 200704, 4818944, 100352, 200704, 4919296, 100352, 200704, 4818944, 100352, 301056, 2660352, 602112, 1380352, 602112, 1581056, 602112, 1380352, 802816, 1191936, 1204224, 696320, 1605632, 1204224, 696320, 2408448, 2408448, 3211264, 2408448, 3211264, 3211264]
to_DRAM [4014080, 3211264, 1605632, 802816, 602112, 301056, 200704, 4096, 6048, 1024000, 0, 301056, 4718592, 200704, 100352, 4718592, 301056, 100352, 4718592, 200704, 200704, 2359296, 602112, 1380352, 401408, 1380352, 602112, 1380352, 401408, 991232, 1204224, 696320, 802816, 1204224, 696320, 1204224, 2408448, 1605632, 2408448, 1605632, 3211264, 0]
cycles [23520.0, 23040.0, 11980.8, 7372.8, 7372.8, 3686.4, 3686.4, 3686.4, 819.2, 505.1731240804316, 819.2, 2867.2, 2900.8, 3686.4, 2867.2, 2900.8, 3686.4, 2867.2, 2900.8, 3686.4, 1638.4, 1489.6, 1843.2, 5958.4, 1843.2, 5958.4, 1843.2, 5958.4, 1843.2, 3136.0, 1175.164296223639, 12544.0, 2662.4, 12544.0, 12544.0, 1331.2, 6272.0, 25088.0, 25088.0, 25088.0, 25088.0, 40140.8]
Flop 21569101872
Bytes 108359488
OI 199.05134538841673
latency 335929.93742030405
max_gflops 307200.0
throughput 64207.144018288185



batch 4 ***********************
# of configs 44
from_DRAM [1204224, 3211264, 3211264, 2408448, 1204224, 802816, 602112, 200704, 401408, 200704, 12096, 1024000, 4096, 200704, 401408, 4919296, 200704, 401408, 5120000, 200704, 401408, 4919296, 200704, 602112, 2961408, 1204224, 1581056, 1204224, 1982464, 1204224, 1581056, 1605632, 1794048, 2408448, 1097728, 3211264, 2408448, 1097728, 4816896, 4816896, 6422528, 4816896, 6422528, 6422528]
to_DRAM [6422528, 6422528, 4816896, 4014080, 1605632, 1003520, 802816, 401408, 200704, 16192, 1024000, 0, 602112, 200704, 4718592, 401408, 200704, 4718592, 602112, 200704, 4718592, 401408, 401408, 2359296, 1204224, 1581056, 802816, 1581056, 1204224, 1581056, 802816, 1392640, 2408448, 1097728, 1605632, 2408448, 1097728, 2408448, 4816896, 3211264, 4816896, 3211264, 6422528, 0]
cycles [46922.4, 46080.0, 46080.0, 23040.0, 12902.4, 12902.4, 7372.8, 7372.8, 7372.8, 819.2, 508.13928396272684, 819.2, 297.3065228052967, 5734.4, 5801.6, 3686.4, 5734.4, 5801.6, 3686.4, 5734.4, 5801.6, 3686.4, 3276.8, 2979.2, 2042.9779303580187, 11916.8, 1843.2, 11916.8, 1843.2, 11916.8, 1843.2, 6272.0, 2061.0573810691517, 25088.0, 5120.0, 25088.0, 25088.0, 2560.0, 12544.0, 50176.0, 50176.0, 50176.0, 50176.0, 80281.6]
Flop 43126696864
Bytes 181026432
OI 238.23425334925676
latency 692542.2811181952
max_gflops 307200.0
throughput 62273.01644943124



batch 8 ***********************
# of configs 47
from_DRAM [2408448, 3211264, 6422528, 6422528, 3211264, 4816896, 3211264, 1605632, 802816, 1204224, 401408, 802816, 401408, 24192, 1024000, 8192, 401408, 802816, 5120000, 401408, 802816, 5521408, 401408, 802816, 5120000, 401408, 1204224, 3563520, 2408448, 1982464, 2408448, 2785280, 2408448, 1982464, 3211264, 2998272, 4816896, 1900544, 6422528, 4816896, 1900544, 9633792, 9633792, 12845056, 9633792, 9633792, 6422528]
to_DRAM [9633792, 6422528, 12845056, 9633792, 3211264, 8028160, 3211264, 3211264, 802816, 1204224, 802816, 401408, 32384, 1024000, 0, 1204224, 401408, 4718592, 802816, 401408, 4718592, 1204224, 401408, 4718592, 802816, 802816, 2359296, 2408448, 1982464, 1605632, 1982464, 2408448, 1982464, 1605632, 2195456, 4816896, 1900544, 3211264, 4816896, 1900544, 4816896, 9633792, 6422528, 9633792, 6422528, 3211264, 0]
cycles [93727.2, 92160.0, 92160.0, 92160.0, 46080.0, 46080.0, 23961.6, 23961.6, 7372.8, 14745.6, 14745.6, 14745.6, 819.2, 514.0716037273173, 819.2, 594.6130456105934, 11468.8, 11603.2, 3686.4, 11468.8, 11603.2, 3686.4, 11468.8, 11603.2, 3686.4, 6553.6, 5958.4, 2928.871015203531, 23833.6, 1843.2, 23833.6, 2547.1937224129474, 23833.6, 1843.2, 12544.0, 3832.8435507601766, 50176.0, 10240.0, 50176.0, 50176.0, 5120.0, 25088.0, 100352.0, 100352.0, 100352.0, 100352.0, 160563.2]
Flop 86241886848
Bytes 314326272
OI 274.37059683003525
latency 1507421.5929377142
max_gflops 307200.0
throughput 57211.52413634257



batch 16 ***********************
# of configs 51
from_DRAM [4816896, 6422528, 6422528, 12845056, 6422528, 6422528, 12845056, 6422528, 9633792, 6422528, 6422528, 3211264, 1605632, 2408448, 802816, 1605632, 802816, 48384, 1024000, 16384, 802816, 1605632, 5521408, 802816, 1605632, 6324224, 802816, 1605632, 5521408, 802816, 2408448, 4767744, 4816896, 2785280, 4816896, 4390912, 4816896, 2785280, 6422528, 5406720, 9633792, 3506176, 12845056, 9633792, 3506176, 19267584, 6422528, 19267584, 25690112, 19267584, 25690112]
to_DRAM [19267584, 12845056, 6422528, 19267584, 12845056, 6422528, 19267584, 6422528, 12845056, 9633792, 6422528, 6422528, 1605632, 2408448, 1605632, 802816, 64768, 1024000, 0, 2408448, 802816, 4718592, 1605632, 802816, 4718592, 2408448, 802816, 4718592, 1605632, 1605632, 2359296, 4816896, 2785280, 3211264, 2785280, 4816896, 2785280, 3211264, 3801088, 9633792, 3506176, 6422528, 9633792, 3506176, 9633792, 19267584, 6422528, 12845056, 19267584, 12845056, 0]
cycles [187336.8, 183859.2, 183859.2, 15749.210397253555, 183859.2, 183859.2, 15749.210397253555, 92160.0, 92160.0, 92160.0, 46080.0, 46080.0, 12902.4, 25804.8, 25804.8, 25804.8, 819.2, 525.9362432564983, 819.2, 1189.2260912211868, 20070.4, 23206.4, 3686.4, 20070.4, 23206.4, 4282.8209906817065, 20070.4, 23206.4, 3686.4, 11468.8, 11916.8, 4700.657184894556, 47667.2, 2940.9239823442863, 47667.2, 4515.845022069642, 47667.2, 2940.9239823442863, 25088.0, 7376.415890142227, 100352.0, 20480.0, 100352.0, 100352.0, 10240.0, 50176.0, 20428.8, 200704.0, 200704.0, 200704.0, 321126.4]
Flop 172472266816
Bytes 635517440
OI 271.3887235195308
latency 3097637.5701814606
max_gflops 307200.0
throughput 55678.646358197584



batch 32 ***********************
# of configs 57
from_DRAM [9633792, 12845056, 12845056, 25690112, 12845056, 12845056, 25690112, 12845056, 6422528, 19267584, 6422528, 6422528, 12845056, 3211264, 9633792, 6422528, 4816896, 1605632, 3211264, 1605632, 96768, 1024000, 32768, 1605632, 3211264, 6324224, 1605632, 3211264, 7929856, 1605632, 3211264, 6324224, 1605632, 4816896, 7176192, 9633792, 4390912, 9633792, 7602176, 9633792, 4390912, 12845056, 10223616, 6422528, 19267584, 6422528, 25690112, 6422528, 19267584, 6422528, 38535168, 12845056, 38535168, 51380224, 38535168, 51380224, 102760448]
to_DRAM [38535168, 25690112, 12845056, 38535168, 25690112, 12845056, 38535168, 12845056, 6422528, 19267584, 12845056, 6422528, 16056320, 6422528, 12845056, 9633792, 4816896, 3211264, 1605632, 129536, 1024000, 0, 4816896, 1605632, 4718592, 3211264, 1605632, 4718592, 4816896, 1605632, 4718592, 3211264, 3211264, 2359296, 9633792, 4390912, 6422528, 4390912, 9633792, 4390912, 6422528, 7012352, 19267584, 6422528, 12845056, 6422528, 19267584, 6422528, 12845056, 12845056, 38535168, 12845056, 25690112, 38535168, 25690112, 102760448, 0]
cycles [374673.6, 367257.6, 367257.6, 31498.42079450711, 367257.6, 367257.6, 31498.42079450711, 92160.0, 184320.0, 18899.052476704266, 184320.0, 184320.0, 46080.0, 92160.0, 92160.0, 23961.6, 47923.2, 47923.2, 47923.2, 980.0, 549.6655223148603, 819.2, 2378.4521824423737, 37273.6, 46412.8, 4676.551250613045, 37273.6, 46412.8, 6251.472290338401, 37273.6, 46412.8, 4676.551250613045, 21299.2, 23833.6, 8244.229524276607, 95334.4, 5303.30554193232, 95334.4, 8453.14762138303, 95334.4, 5303.30554193232, 50176.0, 14463.560568906327, 40960.0, 200704.0, 40960.0, 200704.0, 40960.0, 200704.0, 20480.0, 100352.0, 40806.4, 401408.0, 401408.0, 401408.0, 401408.0, 642252.8]
Flop 344933026752
Bytes 1488663552
OI 231.70650365462834
latency 6797836.935360471
max_gflops 307200.0
throughput 50741.58589444146



batch 64 ***********************
# of configs 63
from_DRAM [19267584, 102760448, 25690112, 25690112, 51380224, 25690112, 25690112, 51380224, 25690112, 12845056, 38535168, 12845056, 12845056, 25690112, 12845056, 6422528, 19267584, 12845056, 6422528, 9633792, 3211264, 6422528, 3211264, 128000, 193536, 1024000, 65536, 3211264, 6422528, 7929856, 3211264, 6422528, 11141120, 3211264, 6422528, 7929856, 3211264, 9633792, 11993088, 19267584, 7602176, 19267584, 14024704, 19267584, 7602176, 6422528, 38535168, 12845056, 38535168, 12845056, 51380224, 12845056, 38535168, 12845056, 77070336, 25690112, 77070336, 102760448, 25690112, 77070336, 102760448, 102760448, 102760448]
to_DRAM [102760448, 77070336, 51380224, 25690112, 77070336, 51380224, 25690112, 77070336, 25690112, 12845056, 38535168, 25690112, 12845056, 38535168, 12845056, 6422528, 25690112, 19267584, 6422528, 9633792, 6422528, 3211264, 321536, 65536, 1024000, 0, 9633792, 3211264, 4718592, 6422528, 3211264, 4718592, 9633792, 3211264, 4718592, 6422528, 6422528, 2359296, 19267584, 7602176, 12845056, 7602176, 19267584, 7602176, 12845056, 12845056, 38535168, 12845056, 25690112, 12845056, 38535168, 12845056, 25690112, 25690112, 77070336, 25690112, 51380224, 51380224, 51380224, 51380224, 102760448, 102760448, 0]
cycles [749347.2, 137628.0, 734054.4, 734054.4, 62996.84158901422, 734054.4, 734054.4, 62996.84158901422, 183859.2, 367718.4, 37798.10495340853, 367718.4, 367718.4, 31498.42079450711, 184320.0, 6299.684158901422, 184320.0, 184320.0, 46080.0, 92160.0, 92160.0, 92160.0, 1920.8, 800.0, 597.1240804315842, 819.2, 4756.904364884747, 71680.0, 92825.6, 7038.932810201079, 71680.0, 92825.6, 10188.77488965179, 71680.0, 92825.6, 7038.932810201079, 40960.0, 47667.2, 15331.374203040707, 190668.8, 10028.068661108386, 190668.8, 16327.75282000981, 190668.8, 10028.068661108386, 40960.0, 100352.0, 81715.2, 401408.0, 81715.2, 401408.0, 81715.2, 401408.0, 40857.6, 200704.0, 81561.6, 802816.0, 802816.0, 81561.6, 802816.0, 802816.0, 326246.4, 1284505.6]
Flop 689854546624
Bytes 3228504064
OI 213.67622061137973
latency 14243725.826385481
max_gflops 307200.0
throughput 48432.16971686536



batch 128 ***********************
# of configs 71
from_DRAM [38535168, 205520896, 205520896, 51380224, 51380224, 102760448, 51380224, 51380224, 102760448, 51380224, 25690112, 77070336, 25690112, 25690112, 51380224, 25690112, 12845056, 38535168, 12845056, 12845056, 25690112, 12845056, 6422528, 19267584, 12845056, 6422528, 131072, 256000, 387072, 1024000, 131072, 6422528, 12845056, 11141120, 6422528, 12845056, 17563648, 6422528, 12845056, 11141120, 6422528, 19267584, 21626880, 12845056, 38535168, 12845056, 51380224, 12845056, 38535168, 12845056, 77070336, 25690112, 77070336, 25690112, 102760448, 25690112, 77070336, 25690112, 77070336, 77070336, 51380224, 154140672, 102760448, 102760448, 51380224, 154140672, 102760448, 102760448, 205520896, 205520896, 205520896]
to_DRAM [205520896, 205520896, 154140672, 102760448, 51380224, 154140672, 102760448, 51380224, 154140672, 51380224, 25690112, 77070336, 51380224, 25690112, 77070336, 25690112, 12845056, 38535168, 25690112, 12845056, 38535168, 12845056, 6422528, 25690112, 6422528, 262144, 512000, 131072, 1024000, 0, 19267584, 6422528, 4718592, 12845056, 6422528, 4718592, 19267584, 6422528, 4718592, 12845056, 12845056, 2359296, 38535168, 12845056, 25690112, 12845056, 38535168, 12845056, 25690112, 25690112, 77070336, 25690112, 51380224, 25690112, 51380224, 51380224, 51380224, 51380224, 0, 102760448, 102760448, 102760448, 0, 102760448, 102760448, 102760448, 0, 205520896, 411041792, 0, 0]
cycles [1498694.4, 201589.8930848455, 275256.0, 1468108.8, 1468108.8, 125993.68317802844, 1468108.8, 1468108.8, 125993.68317802844, 367257.6, 734515.2, 75596.20990681706, 734515.2, 734515.2, 62996.84158901422, 184320.0, 368640.0, 37798.10495340853, 368640.0, 368640.0, 31498.42079450711, 92160.0, 184320.0, 184320.0, 184320.0, 3841.6, 1638.4, 1600.0, 1024.0, 819.2, 9513.808729769495, 143360.0, 185651.2, 11763.695929377145, 143360.0, 185651.2, 18063.38008827857, 143360.0, 185651.2, 11763.695929377145, 81920.0, 95334.4, 29505.663560568908, 163840.0, 381337.6, 163840.0, 381337.6, 163840.0, 381337.6, 81920.0, 200704.0, 163225.6, 802816.0, 163225.6, 802816.0, 163225.6, 802816.0, 81612.8, 401408.0, 88195.57822461991, 163123.2, 1605632.0, 1605632.0, 100794.94654242275, 163123.2, 1605632.0, 1605632.0, 275256.0, 302384.83962726826, 652492.8, 2569011.2]
Flop 1379697586368
Bytes 7281500160
OI 189.4798538832965
latency 30104049.24531633
max_gflops 307200.0
throughput 45830.96363963918



batch 256 ***********************
forward2_batchnorm
