batch 2 ***********************
# of configs 35
from_DRAM [602112, 1204224, 602112, 200704, 301056, 200704, 6048, 1026048, 100352, 200704, 4718592, 100352, 200704, 4919296, 100352, 200704, 4718592, 100352, 301056, 2660352, 602112, 1380352, 802816, 602112, 1380352, 1204224, 1204224, 1605632, 1204224, 2007040, 2408448, 3211264, 2408448, 3211264, 6422528]
to_DRAM [5619712, 2007040, 1003520, 200704, 401408, 6048, 1026048, 301056, 200704, 4718592, 0, 100352, 4718592, 301056, 200704, 4718592, 0, 200704, 2359296, 602112, 1581056, 200704, 602112, 1581056, 401408, 1204224, 802816, 1204224, 802816, 2408448, 1605632, 2408448, 1605632, 6422528, 0]
cycles [24696.0, 12902.4, 7372.8, 3686.4, 3686.4, 3686.4, 800.0, 819.2, 3276.8, 3057.6, 3686.4, 3276.8, 3057.6, 3686.4, 3276.8, 3057.6, 3686.4, 1638.4, 1568.0, 1843.2, 6272.0, 3276.8, 6272.0, 6272.0, 1843.2, 3136.0, 12544.0, 12544.0, 12544.0, 6272.0, 25088.0, 25088.0, 25088.0, 25088.0, 40140.8]
Flop 21559869488
Bytes 103636800
OI 208.03295246476156
latency 304230.39999999997
max_gflops 307200.0
throughput 70866.91365491418



