batch 1 ***********************
# of configs 44
from_DRAM [301056, 802816, 401408, 301056, 200704, 150528, 100352, 2000, 3024, 1024000, 1024, 100352, 4768768, 50176, 100352, 4818944, 50176, 100352, 4768768, 50176, 150528, 2509824, 100352, 301056, 100352, 401408, 100352, 301056, 100352, 602112, 200704, 602112, 200704, 802816, 200704, 602112, 802816, 749568, 1204224, 802816, 876544, 1204224, 802816, 876544]
to_DRAM [2408448, 1204224, 702464, 401408, 401408, 200704, 5024, 1024, 1024000, 0, 150528, 4718592, 100352, 50176, 4718592, 150528, 50176, 4718592, 100352, 100352, 2359296, 301056, 100352, 200704, 100352, 301056, 100352, 200704, 200704, 602112, 200704, 401408, 200704, 602112, 200704, 401408, 548864, 1204224, 401408, 475136, 1204224, 401408, 475136, 0]
cycles [9878.4, 9676.8, 5529.6, 3686.4, 3686.4, 3686.4, 3686.4, 800.0, 503.69004413928394, 819.2, 2457.6, 2363.3859735164297, 3686.4, 2457.6, 2363.3859735164297, 3686.4, 2457.6, 2363.3859735164297, 3686.4, 1228.8, 1230.9092692496322, 1843.2, 1228.8, 2508.8, 1228.8, 2508.8, 1228.8, 2508.8, 819.2, 1254.4, 1228.8, 5017.6, 1228.8, 5017.6, 1228.8, 5017.6, 2508.8, 958.2108876900442, 10035.2, 10035.2, 1020.4845512506131, 10035.2, 10035.2, 10035.2]
Flop 10790304376
Bytes 65083200
OI 165.7924683482066
latency 158467.45267287892
max_gflops 307200.0
throughput 68091.61246678334



batch 2 ***********************
# of configs 47
from_DRAM [602112, 1605632, 1204224, 802816, 401408, 200704, 301056, 100352, 200704, 100352, 6048, 1024000, 2048, 100352, 200704, 4818944, 100352, 200704, 4919296, 100352, 200704, 4818944, 100352, 301056, 2660352, 200704, 602112, 200704, 802816, 200704, 602112, 200704, 1204224, 401408, 1204224, 401408, 1605632, 401408, 1204224, 1605632, 1351680, 2408448, 1605632, 1679360, 2408448, 1605632, 1679360]
to_DRAM [4014080, 3211264, 2007040, 802816, 802816, 200704, 301056, 200704, 100352, 8096, 1024000, 0, 301056, 100352, 4718592, 200704, 100352, 4718592, 301056, 100352, 4718592, 200704, 200704, 2359296, 602112, 200704, 401408, 200704, 602112, 200704, 401408, 401408, 1204224, 401408, 802816, 401408, 1204224, 401408, 802816, 950272, 2408448, 802816, 876544, 2408448, 802816, 876544, 0]
cycles [19756.8, 19353.6, 10137.6, 5529.6, 5529.6, 1843.2, 3686.4, 3686.4, 3686.4, 819.2, 505.1731240804316, 819.2, 148.65326140264835, 2457.6, 2430.4, 3686.4, 2457.6, 2430.4, 3686.4, 2457.6, 2430.4, 3686.4, 1228.8, 1304.7336929867581, 1843.2, 1843.2, 5017.6, 1843.2, 5017.6, 1843.2, 5017.6, 1228.8, 2508.8, 2252.8, 10035.2, 2252.8, 10035.2, 2252.8, 10035.2, 5017.6, 1844.1039725355567, 20070.4, 20070.4, 2004.8102010789603, 20070.4, 20070.4, 20070.4]
Flop 21569101872
Bytes 96698176
OI 223.0559330508985
latency 276004.2742520843
max_gflops 307200.0
throughput 78147.70959778756



batch 4 ***********************
# of configs 48
from_DRAM [1204224, 3211264, 3211264, 1605632, 1204224, 802816, 401408, 602112, 200704, 401408, 200704, 12096, 1024000, 4096, 200704, 401408, 4919296, 200704, 401408, 5120000, 200704, 401408, 4919296, 200704, 602112, 2961408, 401408, 1204224, 401408, 1605632, 401408, 1204224, 401408, 2408448, 802816, 2408448, 802816, 3211264, 802816, 2408448, 3211264, 2555904, 4816896, 3211264, 3284992, 4816896, 3211264, 3284992]
to_DRAM [6422528, 6422528, 4816896, 2809856, 1605632, 1605632, 401408, 602112, 401408, 200704, 16192, 1024000, 0, 602112, 200704, 4718592, 401408, 200704, 4718592, 602112, 200704, 4718592, 401408, 401408, 2359296, 1204224, 401408, 802816, 401408, 1204224, 401408, 802816, 802816, 2408448, 802816, 1605632, 802816, 2408448, 802816, 1605632, 1753088, 4816896, 1605632, 1679360, 4816896, 1605632, 1679360, 0]
cycles [39396.0, 38707.2, 19353.6, 19353.6, 11059.2, 11059.2, 3686.4, 7372.8, 7372.8, 7372.8, 819.2, 508.13928396272684, 819.2, 297.3065228052967, 4915.2, 4860.8, 3686.4, 4915.2, 4860.8, 3686.4, 4915.2, 4860.8, 3686.4, 2457.6, 2508.8, 2042.9779303580187, 3686.4, 10035.2, 3686.4, 10035.2, 3686.4, 10035.2, 2457.6, 5017.6, 4300.8, 20070.4, 4300.8, 20070.4, 4300.8, 20070.4, 10035.2, 3615.8901422265817, 40140.8, 40140.8, 3973.4615007356547, 40140.8, 40140.8, 40140.8]
Flop 43126696864
Bytes 161742464
OI 266.6380602684524
latency 554656.1753800883
max_gflops 307200.0
throughput 77753.92897130667



batch 8 ***********************
# of configs 50
from_DRAM [2408448, 3211264, 6422528, 6422528, 3211264, 4816896, 3211264, 1605632, 802816, 1204224, 401408, 802816, 401408, 24192, 1024000, 8192, 401408, 802816, 5120000, 401408, 802816, 5521408, 401408, 802816, 5120000, 401408, 1204224, 3563520, 802816, 2408448, 802816, 3211264, 802816, 2408448, 802816, 4816896, 1605632, 4816896, 1605632, 6422528, 1605632, 4816896, 6422528, 4964352, 9633792, 6422528, 6496256, 9633792, 6422528, 6496256]
to_DRAM [9633792, 6422528, 12845056, 9633792, 3211264, 8028160, 3211264, 3211264, 802816, 1204224, 802816, 401408, 32384, 1024000, 0, 1204224, 401408, 4718592, 802816, 401408, 4718592, 1204224, 401408, 4718592, 802816, 802816, 2359296, 2408448, 802816, 1605632, 802816, 2408448, 802816, 1605632, 1605632, 4816896, 1605632, 3211264, 1605632, 4816896, 1605632, 3211264, 3358720, 9633792, 3211264, 3284992, 9633792, 3211264, 3284992, 0]
cycles [78792.0, 77414.4, 77414.4, 77414.4, 38707.2, 38707.2, 20275.2, 20275.2, 5529.6, 11059.2, 11059.2, 11059.2, 819.2, 514.0716037273173, 819.2, 594.6130456105934, 7372.8, 9721.6, 3686.4, 7372.8, 9721.6, 3686.4, 7372.8, 9721.6, 3686.4, 3686.4, 5017.6, 2928.871015203531, 6758.4, 20070.4, 6758.4, 20070.4, 6758.4, 20070.4, 4505.6, 10035.2, 8601.6, 40140.8, 8601.6, 40140.8, 8601.6, 40140.8, 20070.4, 7159.462481608632, 80281.6, 80281.6, 7910.764100049044, 80281.6, 80281.6, 80281.6]
Flop 86241886848
Bytes 305478912
OI 282.3169896847086
latency 1222232.5822461995
max_gflops 307200.0
throughput 70560.94568310889



batch 16 ***********************
# of configs 56
from_DRAM [4816896, 6422528, 6422528, 12845056, 6422528, 6422528, 12845056, 6422528, 9633792, 6422528, 6422528, 3211264, 1605632, 2408448, 802816, 1605632, 802816, 48384, 1024000, 16384, 802816, 1605632, 5521408, 802816, 1605632, 6324224, 802816, 1605632, 5521408, 802816, 2408448, 4767744, 1605632, 4816896, 1605632, 6422528, 1605632, 4816896, 1605632, 9633792, 3211264, 9633792, 3211264, 12845056, 3211264, 9633792, 3211264, 19267584, 6422528, 19267584, 6422528, 25690112, 6422528, 19267584, 6422528, 25690112]
to_DRAM [19267584, 12845056, 6422528, 19267584, 12845056, 6422528, 19267584, 6422528, 12845056, 9633792, 6422528, 6422528, 1605632, 2408448, 1605632, 802816, 64768, 1024000, 0, 2408448, 802816, 4718592, 1605632, 802816, 4718592, 2408448, 802816, 4718592, 1605632, 1605632, 2359296, 4816896, 1605632, 3211264, 1605632, 4816896, 1605632, 3211264, 3211264, 9633792, 3211264, 6422528, 3211264, 9633792, 3211264, 6422528, 6422528, 19267584, 6422528, 12845056, 6422528, 19267584, 6422528, 12845056, 6422528, 0]
cycles [157466.4, 154368.0, 154368.0, 15749.210397253555, 154368.0, 154368.0, 15749.210397253555, 77414.4, 77414.4, 77414.4, 38707.2, 38707.2, 11059.2, 22118.4, 22118.4, 22118.4, 819.2, 525.9362432564983, 819.2, 1189.2260912211868, 14745.6, 19443.2, 3686.4, 14745.6, 19443.2, 4282.8209906817065, 14745.6, 19443.2, 3686.4, 7372.8, 10035.2, 4700.657184894556, 12902.4, 40140.8, 12902.4, 40140.8, 12902.4, 40140.8, 8601.6, 20070.4, 17203.2, 80281.6, 17203.2, 80281.6, 17203.2, 80281.6, 8601.6, 40140.8, 17152.0, 160563.2, 17152.0, 160563.2, 17152.0, 160563.2, 17152.0, 160563.2]
Flop 172472266816
Bytes 677460480
OI 254.58646210034274
latency 2573052.2613045615
max_gflops 307200.0
throughput 67030.22298060707



batch 32 ***********************
# of configs 61
from_DRAM [9633792, 12845056, 12845056, 25690112, 12845056, 12845056, 25690112, 12845056, 6422528, 19267584, 6422528, 6422528, 12845056, 3211264, 9633792, 6422528, 4816896, 1605632, 3211264, 1605632, 64000, 96768, 1024000, 32768, 1605632, 3211264, 6324224, 1605632, 3211264, 7929856, 1605632, 3211264, 6324224, 1605632, 4816896, 7176192, 3211264, 9633792, 3211264, 12845056, 3211264, 9633792, 3211264, 19267584, 6422528, 19267584, 6422528, 25690112, 6422528, 19267584, 6422528, 38535168, 12845056, 38535168, 12845056, 51380224, 12845056, 38535168, 12845056, 51380224, 102760448]
to_DRAM [38535168, 25690112, 12845056, 38535168, 25690112, 12845056, 38535168, 12845056, 6422528, 19267584, 12845056, 6422528, 16056320, 6422528, 12845056, 9633792, 4816896, 3211264, 1605632, 160768, 32768, 1024000, 0, 4816896, 1605632, 4718592, 3211264, 1605632, 4718592, 4816896, 1605632, 4718592, 3211264, 3211264, 2359296, 9633792, 3211264, 6422528, 3211264, 9633792, 3211264, 6422528, 6422528, 19267584, 6422528, 12845056, 6422528, 19267584, 6422528, 12845056, 12845056, 38535168, 12845056, 25690112, 12845056, 38535168, 12845056, 25690112, 12845056, 102760448, 0]
cycles [314815.2, 308736.0, 308736.0, 31498.42079450711, 308736.0, 308736.0, 31498.42079450711, 77414.4, 154828.8, 18899.052476704266, 154828.8, 154828.8, 38707.2, 77414.4, 77414.4, 20275.2, 40550.4, 40550.4, 40550.4, 866.3070132417852, 800.0, 549.6655223148603, 819.2, 2378.4521824423737, 27033.6, 38886.4, 4676.551250613045, 27033.6, 38886.4, 6251.472290338401, 27033.6, 38886.4, 4676.551250613045, 13516.8, 20070.4, 8244.229524276607, 25804.8, 80281.6, 25804.8, 80281.6, 25804.8, 80281.6, 17203.2, 40140.8, 34406.4, 160563.2, 34406.4, 160563.2, 34406.4, 160563.2, 17203.2, 80281.6, 34304.0, 321126.4, 34304.0, 321126.4, 34304.0, 321126.4, 34304.0, 321126.4, 321126.4]
Flop 344933026752
Bytes 1557604352
OI 221.4509906248644
latency 5570472.72309956
max_gflops 307200.0
throughput 61921.67952311057



batch 64 ***********************
# of configs 64
from_DRAM [19267584, 102760448, 25690112, 25690112, 51380224, 25690112, 25690112, 51380224, 25690112, 12845056, 38535168, 12845056, 12845056, 25690112, 12845056, 19267584, 12845056, 6422528, 9633792, 3211264, 6422528, 3211264, 128000, 193536, 1024000, 65536, 3211264, 6422528, 7929856, 3211264, 6422528, 11141120, 3211264, 6422528, 7929856, 3211264, 9633792, 11993088, 6422528, 19267584, 6422528, 25690112, 6422528, 19267584, 6422528, 38535168, 12845056, 38535168, 12845056, 51380224, 12845056, 38535168, 12845056, 77070336, 25690112, 77070336, 25690112, 102760448, 25690112, 77070336, 25690112, 102760448, 102760448, 102760448]
to_DRAM [102760448, 77070336, 51380224, 25690112, 77070336, 51380224, 25690112, 77070336, 25690112, 12845056, 38535168, 25690112, 12845056, 38535168, 12845056, 25690112, 19267584, 6422528, 9633792, 6422528, 3211264, 193536, 193536, 1024000, 0, 9633792, 3211264, 4718592, 6422528, 3211264, 4718592, 9633792, 3211264, 4718592, 6422528, 6422528, 2359296, 19267584, 6422528, 12845056, 6422528, 19267584, 6422528, 12845056, 12845056, 38535168, 12845056, 25690112, 12845056, 38535168, 12845056, 25690112, 25690112, 77070336, 25690112, 51380224, 25690112, 51380224, 51380224, 51380224, 25690112, 102760448, 102760448, 0]
cycles [629512.8, 115610.4, 617011.2, 617011.2, 62996.84158901422, 617011.2, 617011.2, 62996.84158901422, 154368.0, 308736.0, 37798.10495340853, 308736.0, 308736.0, 31498.42079450711, 154828.8, 154828.8, 154828.8, 38707.2, 77414.4, 77414.4, 77414.4, 1669.8381559588033, 800.0, 597.1240804315842, 819.2, 4756.904364884747, 51609.6, 77772.8, 7038.932810201079, 51609.6, 77772.8, 10188.77488965179, 51609.6, 77772.8, 7038.932810201079, 25804.8, 40140.8, 15331.374203040707, 51609.6, 160563.2, 51609.6, 160563.2, 51609.6, 160563.2, 34406.4, 80281.6, 68608.0, 321126.4, 68608.0, 321126.4, 68608.0, 321126.4, 34304.0, 160563.2, 68556.8, 642252.8, 68556.8, 642252.8, 68556.8, 642252.8, 68556.8, 642252.8, 274073.6, 642252.8]
Flop 689854546624
Bytes 3311341568
OI 208.33083282334468
latency 11601646.490240319
max_gflops 307200.0
throughput 59461.77960208734



batch 128 ***********************
# of configs 74
from_DRAM [38535168, 205520896, 205520896, 51380224, 51380224, 102760448, 51380224, 51380224, 102760448, 51380224, 25690112, 77070336, 25690112, 25690112, 51380224, 25690112, 12845056, 38535168, 12845056, 12845056, 25690112, 12845056, 6422528, 19267584, 12845056, 6422528, 131072, 256000, 387072, 1024000, 131072, 6422528, 12845056, 11141120, 6422528, 12845056, 17563648, 6422528, 12845056, 11141120, 6422528, 19267584, 21626880, 12845056, 38535168, 12845056, 51380224, 12845056, 38535168, 12845056, 77070336, 25690112, 77070336, 25690112, 102760448, 25690112, 25690112, 77070336, 25690112, 77070336, 77070336, 51380224, 154140672, 51380224, 102760448, 102760448, 51380224, 154140672, 51380224, 102760448, 102760448, 205520896, 205520896, 205520896]
to_DRAM [205520896, 205520896, 154140672, 102760448, 51380224, 154140672, 102760448, 51380224, 154140672, 51380224, 25690112, 77070336, 51380224, 25690112, 77070336, 25690112, 12845056, 38535168, 25690112, 12845056, 38535168, 12845056, 6422528, 25690112, 6422528, 262144, 256000, 387072, 1024000, 0, 19267584, 6422528, 4718592, 12845056, 6422528, 4718592, 19267584, 6422528, 4718592, 12845056, 12845056, 2359296, 38535168, 12845056, 25690112, 12845056, 38535168, 12845056, 25690112, 25690112, 77070336, 25690112, 51380224, 25690112, 51380224, 51380224, 25690112, 51380224, 51380224, 0, 102760448, 102760448, 102760448, 51380224, 0, 102760448, 102760448, 102760448, 51380224, 0, 205520896, 411041792, 0, 0]
cycles [1258908.0, 201589.8930848455, 231213.6, 1233561.6, 1233561.6, 125993.68317802844, 1233561.6, 1233561.6, 125993.68317802844, 308736.0, 617472.0, 75596.20990681706, 617472.0, 617472.0, 62996.84158901422, 154828.8, 309657.6, 37798.10495340853, 309657.6, 309657.6, 31498.42079450711, 77414.4, 154828.8, 154828.8, 154828.8, 3278.407062285434, 819.2, 800.0, 819.2, 819.2, 9513.808729769495, 103219.2, 155545.6, 11763.695929377145, 103219.2, 155545.6, 18063.38008827857, 103219.2, 155545.6, 11763.695929377145, 51609.6, 80281.6, 29505.663560568908, 103219.2, 321126.4, 103219.2, 321126.4, 103219.2, 321126.4, 68812.8, 160563.2, 137216.0, 642252.8, 137216.0, 642252.8, 37798.10495340853, 137216.0, 642252.8, 68608.0, 321126.4, 88195.57822461991, 137062.4, 1284505.6, 137062.4, 1284505.6, 100794.94654242275, 137062.4, 1284505.6, 137062.4, 1284505.6, 231213.6, 302384.83962726826, 548096.0, 1284505.6]
Flop 1379697586368
Bytes 7538401280
OI 183.02257138107672
latency 24377835.35733203
max_gflops 307200.0
throughput 56596.39447655198



batch 256 ***********************
forward2_batchnorm
