batch 1 ***********************
# of configs 37
from_DRAM [301056, 802816, 401408, 301056, 200704, 100352, 50176, 3024, 1024000, 1024, 100352, 4768768, 100352, 4818944, 150528, 4768768, 150528, 2509824, 100352, 301056, 100352, 401408, 100352, 301056, 100352, 602112, 602112, 495616, 802816, 602112, 495616, 1204224, 1204224, 1605632, 1204224, 1605632, 401408]
to_DRAM [2408448, 1404928, 602112, 501760, 200704, 100352, 4048, 1024000, 0, 150528, 4718592, 100352, 4718592, 150528, 4768768, 150528, 2359296, 301056, 100352, 200704, 100352, 301056, 100352, 200704, 200704, 602112, 495616, 401408, 602112, 495616, 602112, 1204224, 802816, 1204224, 802816, 401408, 0]
cycles [11289.6, 5529.6, 5529.6, 3686.4, 3686.4, 3686.4, 819.2, 503.69004413928394, 819.2, 2867.2, 2363.3859735164297, 3686.4, 2363.3859735164297, 3686.4, 2867.2, 3686.4, 1230.9092692496322, 1843.2, 1638.4, 2822.4, 1638.4, 2822.4, 1638.4, 2822.4, 819.2, 1411.2, 5644.8, 1228.8, 5644.8, 5644.8, 921.6, 3136.0, 12544.0, 12544.0, 12544.0, 12544.0, 20070.4]
Flop 10790304376
Bytes 65267616
OI 165.32401575691074
latency 168224.57126042177
max_gflops 307200.0
throughput 64142.26111651644



batch 2 ***********************
# of configs 43
from_DRAM [602112, 1605632, 802816, 602112, 401408, 301056, 100352, 200704, 2048, 6048, 1024000, 2048, 100352, 200704, 4818944, 100352, 200704, 4919296, 100352, 200704, 4818944, 100352, 301056, 2660352, 200704, 602112, 200704, 802816, 200704, 602112, 200704, 1204224, 1204224, 696320, 1605632, 1204224, 696320, 2408448, 2408448, 3211264, 2408448, 3211264, 802816]
to_DRAM [4014080, 3211264, 1605632, 802816, 602112, 301056, 200704, 4096, 6048, 1024000, 0, 301056, 100352, 4718592, 200704, 100352, 4718592, 301056, 100352, 4718592, 200704, 200704, 2359296, 602112, 200704, 401408, 200704, 602112, 200704, 401408, 401408, 1204224, 696320, 802816, 1204224, 696320, 1204224, 2408448, 1605632, 2408448, 1605632, 802816, 0]
cycles [22461.6, 22118.4, 11059.2, 5529.6, 5529.6, 3686.4, 3686.4, 3686.4, 819.2, 505.1731240804316, 819.2, 148.65326140264835, 2867.2, 2744.0, 3686.4, 2867.2, 2744.0, 3686.4, 2867.2, 2744.0, 3686.4, 1638.4, 1411.2, 1843.2, 2457.6, 5644.8, 2457.6, 5644.8, 2457.6, 5644.8, 1228.8, 2822.4, 11289.6, 2457.6, 11289.6, 11289.6, 1228.8, 6272.0, 25088.0, 25088.0, 25088.0, 25088.0, 40140.8]
Flop 21569101872
Bytes 95485760
OI 225.8881520343976
latency 325513.826385483
max_gflops 307200.0
throughput 66261.70725681323



batch 4 ***********************
# of configs 45
from_DRAM [1204224, 3211264, 3211264, 2408448, 1204224, 802816, 401408, 602112, 200704, 401408, 200704, 12096, 1024000, 4096, 200704, 401408, 4919296, 200704, 401408, 5120000, 200704, 401408, 4919296, 200704, 602112, 2961408, 401408, 1204224, 401408, 1605632, 401408, 1204224, 401408, 2408448, 2408448, 1097728, 3211264, 2408448, 1097728, 4816896, 4816896, 6422528, 4816896, 6422528, 1605632]
to_DRAM [6422528, 6422528, 4816896, 4014080, 1605632, 1204224, 401408, 602112, 401408, 200704, 16192, 1024000, 0, 602112, 200704, 4718592, 401408, 200704, 4718592, 602112, 200704, 4718592, 401408, 401408, 2359296, 1204224, 401408, 802816, 401408, 1204224, 401408, 802816, 802816, 2408448, 1097728, 1605632, 2408448, 1097728, 2408448, 4816896, 3211264, 4816896, 3211264, 1605632, 0]
cycles [44805.6, 44236.8, 44236.8, 22118.4, 11059.2, 11059.2, 3686.4, 7372.8, 7372.8, 7372.8, 819.2, 508.13928396272684, 819.2, 297.3065228052967, 5734.4, 5488.0, 3686.4, 5734.4, 5488.0, 3686.4, 5734.4, 5488.0, 3686.4, 3276.8, 2822.4, 2042.9779303580187, 4915.2, 11289.6, 4915.2, 11289.6, 4915.2, 11289.6, 2457.6, 5644.8, 22579.2, 4915.2, 22579.2, 22579.2, 2457.6, 12544.0, 50176.0, 50176.0, 50176.0, 50176.0, 80281.6]
Flop 43126696864
Bytes 163937920
OI 263.06724438128776
latency 683990.0237371259
max_gflops 307200.0
throughput 63051.64602894068



batch 8 ***********************
# of configs 47
from_DRAM [2408448, 3211264, 6422528, 6422528, 3211264, 4816896, 3211264, 1605632, 802816, 1204224, 401408, 802816, 401408, 24192, 1024000, 8192, 401408, 802816, 5120000, 401408, 802816, 5521408, 401408, 802816, 5120000, 401408, 1204224, 3563520, 802816, 2408448, 802816, 3211264, 802816, 2408448, 802816, 4816896, 4816896, 1900544, 6422528, 4816896, 1900544, 9633792, 9633792, 12845056, 9633792, 9633792, 6422528]
to_DRAM [9633792, 6422528, 12845056, 9633792, 3211264, 8028160, 3211264, 3211264, 802816, 1204224, 802816, 401408, 32384, 1024000, 0, 1204224, 401408, 4718592, 802816, 401408, 4718592, 1204224, 401408, 4718592, 802816, 802816, 2359296, 2408448, 802816, 1605632, 802816, 2408448, 802816, 1605632, 1605632, 4816896, 1900544, 3211264, 4816896, 1900544, 4816896, 9633792, 6422528, 9633792, 6422528, 3211264, 0]
cycles [89493.6, 88012.8, 88012.8, 88012.8, 44236.8, 44236.8, 22118.4, 22118.4, 5529.6, 11059.2, 11059.2, 11059.2, 819.2, 514.0716037273173, 819.2, 594.6130456105934, 8601.6, 10976.0, 3686.4, 8601.6, 10976.0, 3686.4, 8601.6, 10976.0, 3686.4, 4915.2, 5644.8, 2928.871015203531, 9830.4, 22579.2, 9830.4, 22579.2, 9830.4, 22579.2, 4915.2, 11289.6, 45158.4, 9830.4, 45158.4, 45158.4, 4915.2, 25088.0, 100352.0, 100352.0, 100352.0, 100352.0, 160563.2]
Flop 86241886848
Bytes 306068736
OI 281.7729375926851
latency 1461691.155664541
max_gflops 307200.0
throughput 59001.442619245456



batch 16 ***********************
# of configs 51
from_DRAM [4816896, 6422528, 6422528, 12845056, 6422528, 6422528, 12845056, 6422528, 9633792, 6422528, 6422528, 3211264, 1605632, 2408448, 802816, 1605632, 802816, 48384, 1024000, 16384, 802816, 1605632, 5521408, 802816, 1605632, 6324224, 802816, 1605632, 5521408, 802816, 2408448, 4767744, 1605632, 4816896, 1605632, 6422528, 1605632, 4816896, 1605632, 9633792, 9633792, 3506176, 12845056, 9633792, 3506176, 19267584, 6422528, 19267584, 25690112, 19267584, 25690112]
to_DRAM [19267584, 12845056, 6422528, 19267584, 12845056, 6422528, 19267584, 6422528, 12845056, 9633792, 6422528, 6422528, 1605632, 2408448, 1605632, 802816, 64768, 1024000, 0, 2408448, 802816, 4718592, 1605632, 802816, 4718592, 2408448, 802816, 4718592, 1605632, 1605632, 2359296, 4816896, 1605632, 3211264, 1605632, 4816896, 1605632, 3211264, 3211264, 9633792, 3506176, 6422528, 9633792, 3506176, 9633792, 19267584, 6422528, 12845056, 19267584, 12845056, 0]
cycles [178869.6, 175564.8, 175564.8, 15749.210397253555, 175564.8, 175564.8, 15749.210397253555, 88473.6, 88473.6, 88473.6, 44236.8, 44236.8, 11059.2, 22118.4, 22118.4, 22118.4, 819.2, 525.9362432564983, 819.2, 1189.2260912211868, 17203.2, 21952.0, 3686.4, 17203.2, 21952.0, 4282.8209906817065, 17203.2, 21952.0, 3686.4, 9830.4, 11289.6, 4700.657184894556, 19660.8, 45158.4, 19660.8, 45158.4, 19660.8, 45158.4, 9830.4, 22579.2, 90316.8, 19660.8, 90316.8, 90316.8, 9830.4, 50176.0, 19507.2, 200704.0, 200704.0, 200704.0, 321126.4]
Flop 172472266816
Bytes 627259904
OI 274.9614086858643
latency 3022461.86130456
max_gflops 307200.0
throughput 57063.50476216008



batch 32 ***********************
# of configs 57
from_DRAM [9633792, 12845056, 12845056, 25690112, 12845056, 12845056, 25690112, 12845056, 6422528, 19267584, 6422528, 6422528, 12845056, 3211264, 9633792, 6422528, 4816896, 1605632, 3211264, 1605632, 96768, 1024000, 32768, 1605632, 3211264, 6324224, 1605632, 3211264, 7929856, 1605632, 3211264, 6324224, 1605632, 4816896, 7176192, 3211264, 9633792, 3211264, 12845056, 3211264, 9633792, 3211264, 19267584, 6422528, 19267584, 6422528, 25690112, 6422528, 19267584, 6422528, 38535168, 12845056, 38535168, 51380224, 38535168, 51380224, 102760448]
to_DRAM [38535168, 25690112, 12845056, 38535168, 25690112, 12845056, 38535168, 12845056, 6422528, 19267584, 12845056, 6422528, 16056320, 6422528, 12845056, 9633792, 4816896, 3211264, 1605632, 129536, 1024000, 0, 4816896, 1605632, 4718592, 3211264, 1605632, 4718592, 4816896, 1605632, 4718592, 3211264, 3211264, 2359296, 9633792, 3211264, 6422528, 3211264, 9633792, 3211264, 6422528, 6422528, 19267584, 6422528, 12845056, 6422528, 19267584, 6422528, 12845056, 12845056, 38535168, 12845056, 25690112, 38535168, 25690112, 102760448, 0]
cycles [357621.6, 350668.8, 350668.8, 31498.42079450711, 350668.8, 350668.8, 31498.42079450711, 88012.8, 176025.6, 18899.052476704266, 176025.6, 176025.6, 44236.8, 88473.6, 88473.6, 22118.4, 44236.8, 44236.8, 44236.8, 940.8, 549.6655223148603, 819.2, 2378.4521824423737, 34406.4, 43904.0, 4676.551250613045, 34406.4, 43904.0, 6251.472290338401, 34406.4, 43904.0, 4676.551250613045, 19660.8, 22579.2, 8244.229524276607, 39321.6, 90316.8, 39321.6, 90316.8, 39321.6, 90316.8, 19660.8, 45158.4, 39116.8, 180633.6, 39116.8, 180633.6, 39116.8, 180633.6, 19558.4, 100352.0, 38963.2, 401408.0, 401408.0, 401408.0, 401408.0, 642252.8]
Flop 344933026752
Bytes 1480406016
OI 232.998936118887
latency 6659747.216086315
max_gflops 307200.0
throughput 51793.71161698601



batch 64 ***********************
# of configs 63
from_DRAM [19267584, 102760448, 25690112, 25690112, 51380224, 25690112, 25690112, 51380224, 25690112, 12845056, 38535168, 12845056, 12845056, 25690112, 12845056, 6422528, 19267584, 12845056, 6422528, 9633792, 3211264, 6422528, 3211264, 128000, 193536, 1024000, 65536, 3211264, 6422528, 7929856, 3211264, 6422528, 11141120, 3211264, 6422528, 7929856, 3211264, 9633792, 11993088, 6422528, 19267584, 6422528, 25690112, 6422528, 19267584, 6422528, 38535168, 12845056, 38535168, 12845056, 51380224, 12845056, 38535168, 12845056, 77070336, 25690112, 77070336, 102760448, 25690112, 77070336, 102760448, 102760448, 102760448]
to_DRAM [102760448, 77070336, 51380224, 25690112, 77070336, 51380224, 25690112, 77070336, 25690112, 12845056, 38535168, 25690112, 12845056, 38535168, 12845056, 6422528, 25690112, 19267584, 6422528, 9633792, 6422528, 3211264, 321536, 65536, 1024000, 0, 9633792, 3211264, 4718592, 6422528, 3211264, 4718592, 9633792, 3211264, 4718592, 6422528, 6422528, 2359296, 19267584, 6422528, 12845056, 6422528, 19267584, 6422528, 12845056, 12845056, 38535168, 12845056, 25690112, 12845056, 38535168, 12845056, 25690112, 25690112, 77070336, 25690112, 51380224, 51380224, 51380224, 51380224, 102760448, 102760448, 0]
cycles [715243.2, 131371.2, 700876.8, 700876.8, 62996.84158901422, 700876.8, 700876.8, 62996.84158901422, 175564.8, 351129.6, 37798.10495340853, 351129.6, 351129.6, 31498.42079450711, 176947.2, 6299.684158901422, 176947.2, 176947.2, 44236.8, 88473.6, 88473.6, 88473.6, 1842.4, 800.0, 597.1240804315842, 819.2, 4756.904364884747, 68812.8, 87808.0, 7038.932810201079, 68812.8, 87808.0, 10188.77488965179, 68812.8, 87808.0, 7038.932810201079, 39321.6, 45158.4, 15331.374203040707, 78643.2, 180633.6, 78643.2, 180633.6, 78643.2, 180633.6, 39321.6, 90316.8, 78028.8, 361267.2, 78028.8, 361267.2, 78028.8, 361267.2, 39014.4, 200704.0, 77875.2, 802816.0, 802816.0, 77875.2, 802816.0, 802816.0, 311398.4, 1284505.6]
Flop 689854546624
Bytes 3221426176
OI 214.14569477441285
latency 13951913.936243251
max_gflops 307200.0
throughput 49445.15496414774



batch 128 ***********************
# of configs 71
from_DRAM [38535168, 205520896, 205520896, 51380224, 51380224, 102760448, 51380224, 51380224, 102760448, 51380224, 25690112, 77070336, 25690112, 25690112, 51380224, 25690112, 12845056, 38535168, 12845056, 12845056, 25690112, 12845056, 6422528, 19267584, 12845056, 6422528, 131072, 256000, 387072, 1024000, 131072, 6422528, 12845056, 11141120, 6422528, 12845056, 17563648, 6422528, 12845056, 11141120, 6422528, 19267584, 21626880, 12845056, 38535168, 12845056, 51380224, 12845056, 38535168, 12845056, 77070336, 25690112, 77070336, 25690112, 102760448, 25690112, 77070336, 25690112, 77070336, 77070336, 51380224, 154140672, 102760448, 102760448, 51380224, 154140672, 102760448, 102760448, 205520896, 205520896, 205520896]
to_DRAM [205520896, 205520896, 154140672, 102760448, 51380224, 154140672, 102760448, 51380224, 154140672, 51380224, 25690112, 77070336, 51380224, 25690112, 77070336, 25690112, 12845056, 38535168, 25690112, 12845056, 38535168, 12845056, 6422528, 25690112, 6422528, 262144, 512000, 131072, 1024000, 0, 19267584, 6422528, 4718592, 12845056, 6422528, 4718592, 19267584, 6422528, 4718592, 12845056, 12845056, 2359296, 38535168, 12845056, 25690112, 12845056, 38535168, 12845056, 25690112, 25690112, 51380224, 51380224, 51380224, 25690112, 51380224, 51380224, 51380224, 51380224, 0, 102760448, 102760448, 102760448, 0, 102760448, 102760448, 102760448, 0, 205520896, 411041792, 0, 0]
cycles [1430486.4, 201589.8930848455, 262742.4, 1401292.8, 1401292.8, 125993.68317802844, 1401292.8, 1401292.8, 125993.68317802844, 350668.8, 701337.6, 75596.20990681706, 701337.6, 701337.6, 62996.84158901422, 176025.6, 352051.2, 37798.10495340853, 352051.2, 352051.2, 31498.42079450711, 88473.6, 176947.2, 176947.2, 176947.2, 3684.8, 819.2, 800.0, 819.2, 819.2, 9513.808729769495, 137625.6, 175616.0, 11763.695929377145, 137625.6, 175616.0, 18063.38008827857, 137625.6, 175616.0, 11763.695929377145, 78643.2, 90316.8, 29505.663560568908, 156467.2, 361267.2, 156467.2, 361267.2, 156467.2, 361267.2, 78233.6, 180633.6, 155852.8, 722534.4, 155852.8, 722534.4, 155852.8, 722534.4, 77926.4, 401408.0, 88195.57822461991, 155699.2, 1605632.0, 1605632.0, 100794.94654242275, 155699.2, 1605632.0, 1605632.0, 262742.4, 302384.83962726826, 622796.8, 2569011.2]
Flop 1379697586368
Bytes 7281500160
OI 189.4798538832965
latency 29068698.845316317
max_gflops 307200.0
throughput 47463.341710263834



batch 256 ***********************
forward2_batchnorm
