batch 1 ***********************
# of configs 39
from_DRAM [301056, 802816, 401408, 301056, 200704, 150528, 100352, 5024, 1024000, 1024, 100352, 4768768, 150528, 4818944, 150528, 4768768, 200704, 2509824, 100352, 301056, 100352, 401408, 100352, 301056, 100352, 602112, 200704, 602112, 200704, 802816, 200704, 602112, 802816, 749568, 1204224, 1605632, 802816, 802816, 802816]
to_DRAM [2408448, 1204224, 802816, 401408, 301056, 200704, 5024, 1025024, 0, 150528, 4718592, 100352, 4768768, 150528, 4768768, 100352, 2459648, 301056, 100352, 200704, 100352, 301056, 100352, 200704, 200704, 602112, 200704, 401408, 200704, 602112, 200704, 401408, 548864, 1204224, 802816, 802816, 401408, 401408, 0]
cycles [10701.6, 10598.4, 5529.6, 3686.4, 3686.4, 3686.4, 3686.4, 800.0, 819.2, 2867.2, 2363.3859735164297, 3686.4, 2867.2, 3686.4, 2867.2, 3686.4, 1638.4, 1843.2, 1638.4, 2665.6, 1638.4, 2665.6, 1638.4, 2665.6, 819.2, 1411.2, 1228.8, 5644.8, 1228.8, 5644.8, 1228.8, 5644.8, 3136.0, 958.2108876900442, 12544.0, 12544.0, 12544.0, 12544.0, 20070.4]
Flop 10790304376
Bytes 63985472
OI 168.63678642551858
latency 178803.99686120645
max_gflops 307200.0
throughput 60347.10949093487



batch 2 ***********************
# of configs 45
from_DRAM [602112, 1605632, 802816, 602112, 401408, 301056, 100352, 200704, 2048, 6048, 1024000, 2048, 100352, 200704, 4818944, 100352, 200704, 4919296, 100352, 200704, 4818944, 100352, 301056, 2660352, 200704, 602112, 200704, 802816, 200704, 602112, 200704, 1204224, 401408, 1204224, 401408, 1605632, 401408, 1204224, 1605632, 1351680, 2408448, 3211264, 1605632, 1605632, 1605632]
to_DRAM [4014080, 3211264, 1605632, 802816, 501760, 401408, 200704, 4096, 6048, 1024000, 0, 301056, 100352, 4718592, 200704, 100352, 4718592, 301056, 100352, 4718592, 200704, 200704, 2359296, 602112, 200704, 401408, 200704, 602112, 200704, 401408, 401408, 1204224, 401408, 802816, 401408, 1204224, 401408, 802816, 950272, 2408448, 1605632, 1605632, 802816, 802816, 0]
cycles [21403.2, 21196.8, 11059.2, 5529.6, 5529.6, 3686.4, 3686.4, 3686.4, 819.2, 505.1731240804316, 819.2, 148.65326140264835, 2867.2, 2665.6, 3686.4, 2867.2, 2665.6, 3686.4, 2867.2, 2665.6, 3686.4, 1638.4, 1332.8, 1843.2, 2457.6, 5331.2, 2457.6, 5331.2, 2457.6, 5331.2, 1228.8, 2822.4, 2457.6, 11289.6, 2457.6, 11289.6, 2457.6, 11289.6, 6272.0, 1844.1039725355567, 25088.0, 25088.0, 25088.0, 25088.0, 40140.8]
Flop 21569101872
Bytes 92995392
OI 231.93731870069433
latency 327809.9303580186
max_gflops 307200.0
throughput 65797.58535210705



batch 4 ***********************
# of configs 47
from_DRAM [1204224, 3211264, 3211264, 2408448, 1605632, 802816, 401408, 602112, 200704, 401408, 200704, 12096, 1024000, 4096, 200704, 401408, 4919296, 200704, 401408, 5120000, 200704, 401408, 4919296, 200704, 602112, 2961408, 401408, 1204224, 401408, 1605632, 401408, 1204224, 401408, 2408448, 802816, 2408448, 802816, 3211264, 802816, 2408448, 3211264, 2555904, 4816896, 6422528, 3211264, 3211264, 3211264]
to_DRAM [6422528, 6422528, 4816896, 4014080, 1605632, 1605632, 401408, 602112, 401408, 200704, 16192, 1024000, 0, 602112, 200704, 4718592, 401408, 200704, 4718592, 602112, 200704, 4718592, 401408, 401408, 2359296, 1204224, 401408, 802816, 401408, 1204224, 401408, 802816, 802816, 2408448, 802816, 1605632, 802816, 2408448, 802816, 1605632, 1753088, 4816896, 3211264, 3211264, 1605632, 1605632, 0]
cycles [42806.4, 41932.8, 41932.8, 21196.8, 11059.2, 11059.2, 3686.4, 7372.8, 7372.8, 7372.8, 819.2, 508.13928396272684, 819.2, 297.3065228052967, 5734.4, 5331.2, 3686.4, 5734.4, 5331.2, 3686.4, 5734.4, 5331.2, 3686.4, 3276.8, 2665.6, 2042.9779303580187, 4915.2, 10662.4, 4915.2, 10662.4, 4915.2, 10662.4, 2457.6, 5644.8, 4710.4, 22579.2, 4710.4, 22579.2, 4710.4, 22579.2, 12544.0, 3615.8901422265817, 50176.0, 50176.0, 50176.0, 50176.0, 80281.6]
Flop 43126696864
Bytes 160644736
OI 268.46006870713774
latency 684326.7138793528
max_gflops 307200.0
throughput 63020.62449019528



batch 8 ***********************
# of configs 49
from_DRAM [2408448, 3211264, 6422528, 6422528, 3211264, 4816896, 3211264, 1605632, 802816, 1204224, 401408, 802816, 401408, 24192, 1024000, 8192, 401408, 802816, 5120000, 401408, 802816, 5521408, 401408, 802816, 5120000, 401408, 1204224, 3563520, 802816, 2408448, 802816, 3211264, 802816, 2408448, 802816, 4816896, 1605632, 4816896, 1605632, 6422528, 1605632, 4816896, 6422528, 4964352, 9633792, 12845056, 6422528, 6422528, 6422528]
to_DRAM [9633792, 6422528, 12845056, 9633792, 3211264, 8028160, 3211264, 3211264, 802816, 1204224, 802816, 401408, 32384, 1024000, 0, 1204224, 401408, 4718592, 802816, 401408, 4718592, 1204224, 401408, 4718592, 802816, 802816, 2359296, 2408448, 802816, 1605632, 802816, 2408448, 802816, 1605632, 1605632, 4816896, 1605632, 3211264, 1605632, 4816896, 1605632, 3211264, 3358720, 9633792, 6422528, 6422528, 3211264, 3211264, 0]
cycles [85612.8, 83865.6, 83865.6, 83865.6, 42393.6, 42393.6, 22118.4, 22118.4, 5529.6, 11059.2, 11059.2, 11059.2, 819.2, 514.0716037273173, 819.2, 594.6130456105934, 8601.6, 10662.4, 3686.4, 8601.6, 10662.4, 3686.4, 8601.6, 10662.4, 3686.4, 4915.2, 5331.2, 2928.871015203531, 9830.4, 21324.8, 9830.4, 21324.8, 9830.4, 21324.8, 4915.2, 11289.6, 9420.8, 45158.4, 9420.8, 45158.4, 9420.8, 45158.4, 25088.0, 7159.462481608632, 100352.0, 100352.0, 100352.0, 100352.0, 160563.2]
Flop 86241886848
Bytes 298761472
OI 288.664687152164
latency 1457341.0181461505
max_gflops 307200.0
throughput 59177.56089628651



batch 16 ***********************
# of configs 54
from_DRAM [4816896, 6422528, 6422528, 12845056, 6422528, 6422528, 12845056, 6422528, 9633792, 6422528, 6422528, 3211264, 1605632, 2408448, 802816, 1605632, 802816, 48384, 1024000, 16384, 802816, 1605632, 5521408, 802816, 1605632, 6324224, 802816, 1605632, 5521408, 802816, 2408448, 4767744, 1605632, 4816896, 1605632, 6422528, 1605632, 4816896, 1605632, 9633792, 3211264, 9633792, 3211264, 12845056, 3211264, 9633792, 3211264, 19267584, 6422528, 19267584, 25690112, 6422528, 19267584, 25690112]
to_DRAM [19267584, 12845056, 6422528, 19267584, 12845056, 6422528, 19267584, 6422528, 12845056, 9633792, 6422528, 6422528, 1605632, 2408448, 1605632, 802816, 64768, 1024000, 0, 2408448, 802816, 4718592, 1605632, 802816, 4718592, 2408448, 802816, 4718592, 1605632, 1605632, 2359296, 4816896, 1605632, 3211264, 1605632, 4816896, 1605632, 3211264, 3211264, 9633792, 3211264, 6422528, 3211264, 9633792, 3211264, 6422528, 6422528, 19267584, 6422528, 12845056, 19267584, 6422528, 12845056, 0]
cycles [171108.0, 167731.2, 167731.2, 15749.210397253555, 167731.2, 167731.2, 15749.210397253555, 83865.6, 83865.6, 83865.6, 42393.6, 42393.6, 11059.2, 22118.4, 22118.4, 22118.4, 819.2, 525.9362432564983, 819.2, 1189.2260912211868, 17203.2, 21324.8, 3686.4, 17203.2, 21324.8, 4282.8209906817065, 17203.2, 21324.8, 3686.4, 9830.4, 10662.4, 4700.657184894556, 18841.6, 42649.6, 18841.6, 42649.6, 18841.6, 42649.6, 9420.8, 22579.2, 18636.8, 90316.8, 18636.8, 90316.8, 18636.8, 90316.8, 9318.4, 50176.0, 18636.8, 200704.0, 200704.0, 18636.8, 200704.0, 321126.4]
Flop 172472266816
Bytes 651770368
OI 264.6212152068871
latency 3006457.0613045613
max_gflops 307200.0
throughput 57367.280922070066



batch 32 ***********************
# of configs 59
from_DRAM [9633792, 12845056, 12845056, 25690112, 12845056, 12845056, 25690112, 12845056, 6422528, 19267584, 6422528, 6422528, 12845056, 3211264, 9633792, 6422528, 4816896, 1605632, 3211264, 1605632, 64000, 96768, 1024000, 32768, 1605632, 3211264, 6324224, 1605632, 3211264, 7929856, 1605632, 3211264, 6324224, 1605632, 4816896, 7176192, 3211264, 9633792, 3211264, 12845056, 3211264, 9633792, 3211264, 19267584, 6422528, 19267584, 6422528, 25690112, 6422528, 19267584, 6422528, 38535168, 12845056, 38535168, 51380224, 12845056, 38535168, 51380224, 102760448]
to_DRAM [38535168, 25690112, 12845056, 38535168, 25690112, 12845056, 38535168, 12845056, 6422528, 19267584, 12845056, 6422528, 16056320, 6422528, 12845056, 9633792, 4816896, 3211264, 1605632, 160768, 32768, 1024000, 0, 4816896, 1605632, 4718592, 3211264, 1605632, 4718592, 4816896, 1605632, 4718592, 3211264, 3211264, 2359296, 9633792, 3211264, 6422528, 3211264, 9633792, 3211264, 6422528, 6422528, 19267584, 6422528, 12845056, 6422528, 19267584, 6422528, 12845056, 12845056, 38535168, 12845056, 25690112, 38535168, 12845056, 25690112, 102760448, 0]
cycles [342098.4, 335462.4, 335462.4, 31498.42079450711, 335462.4, 335462.4, 31498.42079450711, 83865.6, 167731.2, 18899.052476704266, 167731.2, 167731.2, 42393.6, 84787.2, 84787.2, 22118.4, 44236.8, 44236.8, 44236.8, 901.6, 800.0, 549.6655223148603, 819.2, 2378.4521824423737, 34406.4, 42649.6, 4676.551250613045, 34406.4, 42649.6, 6251.472290338401, 34406.4, 42649.6, 4676.551250613045, 19660.8, 21324.8, 8244.229524276607, 37683.2, 85299.2, 37683.2, 85299.2, 37683.2, 85299.2, 18841.6, 45158.4, 37273.6, 180633.6, 37273.6, 180633.6, 37273.6, 180633.6, 18636.8, 100352.0, 37273.6, 401408.0, 401408.0, 37273.6, 401408.0, 401408.0, 642252.8]
Flop 344933026752
Bytes 1506224128
OI 229.00511307703604
latency 6549240.816086317
max_gflops 307200.0
throughput 52667.63529366208



batch 64 ***********************
# of configs 63
from_DRAM [19267584, 102760448, 25690112, 25690112, 51380224, 25690112, 25690112, 51380224, 25690112, 12845056, 38535168, 12845056, 12845056, 25690112, 12845056, 6422528, 19267584, 12845056, 6422528, 9633792, 3211264, 6422528, 3211264, 128000, 193536, 1024000, 65536, 3211264, 6422528, 7929856, 3211264, 6422528, 11141120, 3211264, 6422528, 7929856, 3211264, 9633792, 11993088, 6422528, 19267584, 6422528, 25690112, 6422528, 19267584, 6422528, 38535168, 12845056, 38535168, 12845056, 51380224, 12845056, 38535168, 12845056, 77070336, 25690112, 77070336, 102760448, 25690112, 77070336, 102760448, 102760448, 102760448]
to_DRAM [102760448, 77070336, 51380224, 25690112, 77070336, 51380224, 25690112, 77070336, 25690112, 12845056, 38535168, 25690112, 12845056, 38535168, 12845056, 6422528, 25690112, 19267584, 6422528, 9633792, 6422528, 3211264, 193536, 193536, 1024000, 0, 9633792, 3211264, 4718592, 6422528, 3211264, 4718592, 9633792, 3211264, 4718592, 6422528, 6422528, 2359296, 19267584, 6422528, 12845056, 6422528, 19267584, 6422528, 12845056, 12845056, 38535168, 12845056, 25690112, 12845056, 38535168, 12845056, 25690112, 25690112, 51380224, 51380224, 51380224, 51380224, 51380224, 51380224, 102760448, 102760448, 0]
cycles [684196.8, 125661.6, 670464.0, 670464.0, 62996.84158901422, 670464.0, 670464.0, 62996.84158901422, 167731.2, 335462.4, 37798.10495340853, 335462.4, 335462.4, 31498.42079450711, 167731.2, 6299.684158901422, 167731.2, 167731.2, 42393.6, 84787.2, 84787.2, 84787.2, 1764.0, 800.0, 597.1240804315842, 819.2, 4756.904364884747, 65945.6, 85299.2, 7038.932810201079, 65945.6, 85299.2, 10188.77488965179, 65945.6, 85299.2, 7038.932810201079, 37683.2, 42649.6, 15331.374203040707, 74547.2, 170598.4, 74547.2, 170598.4, 74547.2, 170598.4, 37273.6, 90316.8, 74547.2, 361267.2, 74547.2, 361267.2, 74547.2, 361267.2, 37273.6, 200704.0, 74496.0, 802816.0, 802816.0, 74496.0, 802816.0, 802816.0, 297881.6, 1284505.6]
Flop 689854546624
Bytes 3221426176
OI 214.14569477441285
latency 13600865.136243258
max_gflops 307200.0
throughput 50721.37247987941



batch 128 ***********************
# of configs 71
from_DRAM [38535168, 205520896, 205520896, 51380224, 51380224, 102760448, 51380224, 51380224, 102760448, 51380224, 25690112, 77070336, 25690112, 25690112, 51380224, 25690112, 12845056, 38535168, 12845056, 12845056, 25690112, 12845056, 6422528, 19267584, 12845056, 6422528, 131072, 256000, 387072, 1024000, 131072, 6422528, 12845056, 11141120, 6422528, 12845056, 17563648, 6422528, 12845056, 11141120, 6422528, 19267584, 21626880, 12845056, 38535168, 12845056, 51380224, 12845056, 38535168, 12845056, 77070336, 25690112, 77070336, 25690112, 102760448, 25690112, 77070336, 25690112, 77070336, 77070336, 51380224, 154140672, 102760448, 102760448, 51380224, 154140672, 102760448, 102760448, 205520896, 205520896, 205520896]
to_DRAM [205520896, 205520896, 154140672, 102760448, 51380224, 154140672, 102760448, 51380224, 154140672, 51380224, 25690112, 77070336, 51380224, 25690112, 77070336, 25690112, 12845056, 38535168, 25690112, 12845056, 38535168, 12845056, 6422528, 25690112, 6422528, 262144, 256000, 387072, 1024000, 0, 19267584, 6422528, 4718592, 12845056, 6422528, 4718592, 19267584, 6422528, 4718592, 12845056, 12845056, 2359296, 38535168, 12845056, 25690112, 12845056, 38535168, 12845056, 25690112, 25690112, 51380224, 51380224, 51380224, 25690112, 51380224, 51380224, 51380224, 51380224, 0, 102760448, 102760448, 102760448, 0, 102760448, 102760448, 102760448, 0, 205520896, 411041792, 0, 0]
cycles [1368393.6, 201589.8930848455, 251323.2, 1340467.2, 1340467.2, 125993.68317802844, 1340467.2, 1340467.2, 125993.68317802844, 335462.4, 670924.8, 75596.20990681706, 670924.8, 670924.8, 62996.84158901422, 167731.2, 335462.4, 37798.10495340853, 335462.4, 335462.4, 31498.42079450711, 84787.2, 169574.4, 169574.4, 169574.4, 3528.0, 819.2, 800.0, 819.2, 819.2, 9513.808729769495, 131891.2, 170598.4, 11763.695929377145, 131891.2, 170598.4, 18063.38008827857, 131891.2, 170598.4, 11763.695929377145, 75366.4, 85299.2, 29505.663560568908, 149094.4, 341196.8, 149094.4, 341196.8, 149094.4, 341196.8, 74547.2, 180633.6, 149094.4, 722534.4, 149094.4, 722534.4, 149094.4, 722534.4, 74547.2, 401408.0, 88195.57822461991, 148940.8, 1605632.0, 1605632.0, 100794.94654242275, 148940.8, 1605632.0, 1605632.0, 251323.2, 302384.83962726826, 595763.2, 2569011.2]
Flop 1379697586368
Bytes 7281500160
OI 189.4798538832965
latency 28359226.845316336
max_gflops 307200.0
throughput 48650.74756422225



batch 256 ***********************
forward2_batchnorm
