batch 1 ***********************
# of configs 24
from_DRAM [301056, 602112, 301056, 200704, 100352, 3024, 51200, 4768768, 200704, 150528, 4768768, 301056, 301056, 401408, 301056, 501760, 602112, 802816, 602112, 1003520, 1204224, 2007040, 1605632, 18816]
to_DRAM [2809856, 1003520, 501760, 250880, 4048, 0, 4818944, 100352, 150528, 4768768, 150528, 301056, 200704, 301056, 200704, 602112, 401408, 602112, 401408, 1204224, 802816, 1204224, 18816, 0]
cycles [15405.6, 8294.4, 5529.6, 3686.4, 3686.4, 819.2, 3686.4, 3686.4, 3686.4, 3686.4, 3686.4, 1843.2, 3763.2, 3763.2, 3763.2, 1881.6, 7526.4, 7526.4, 7526.4, 3763.2, 15052.8, 15052.8, 20070.4, 117.6]
Flop 10790304376
Bytes 41900704
OI 257.52083726325935
latency 147504.0
max_gflops 307200.0
throughput 73152.62213906064



batch 2 ***********************
# of configs 25
from_DRAM [602112, 1605632, 802816, 401408, 301056, 200704, 6048, 2048, 301056, 301056, 4919296, 301056, 401408, 2660352, 602112, 802816, 602112, 1204224, 2007040, 802816, 2007040, 2408448, 4014080, 3211264, 18816]
to_DRAM [4816896, 3211264, 1003520, 602112, 401408, 8096, 0, 301056, 200704, 4818944, 301056, 200704, 2560000, 602112, 401408, 602112, 602112, 1204224, 802816, 802816, 2408448, 1605632, 2408448, 18816, 0]
cycles [30811.2, 30412.8, 9216.0, 9216.0, 7372.8, 7372.8, 819.2, 7372.8, 3763.2, 7372.8, 7372.8, 3763.2, 4096.0, 5120.0, 7526.4, 7526.4, 7526.4, 5222.4, 15052.8, 15052.8, 7526.4, 30105.6, 30105.6, 40140.8, 117.6]
Flop 21569101872
Bytes 60371520
OI 357.2727980345699
latency 299984.79999999993
max_gflops 307200.0
throughput 71900.64920622646



batch 4 ***********************
# of configs 26
from_DRAM [1204224, 3211264, 3211264, 1605632, 802816, 602112, 401408, 12096, 4096, 602112, 602112, 5120000, 602112, 802816, 2961408, 1204224, 1605632, 1204224, 2408448, 4014080, 1605632, 4014080, 4816896, 8028160, 6422528, 18816]
to_DRAM [6422528, 6422528, 4816896, 3211264, 1404928, 1003520, 16192, 0, 602112, 401408, 4919296, 602112, 401408, 2760704, 1204224, 802816, 1204224, 1204224, 2408448, 1605632, 1605632, 4816896, 3211264, 4816896, 18816, 0]
cycles [61504.8, 60364.8, 30412.8, 30412.8, 16588.8, 11059.2, 11059.2, 819.2, 11059.2, 7526.4, 11059.2, 11059.2, 7526.4, 6144.0, 9216.0, 15052.8, 15052.8, 15052.8, 10137.6, 30105.6, 30105.6, 15052.8, 60211.2, 60211.2, 80281.6, 117.6]
Flop 43126696864
Bytes 112972160
OI 381.7462360992301
latency 617193.5999999999
max_gflops 307200.0
throughput 69875.47645341755



batch 8 ***********************
# of configs 29
from_DRAM [2408448, 3211264, 6422528, 6422528, 3211264, 4816896, 3211264, 1605632, 1204224, 802816, 40192, 8192, 1204224, 1204224, 5521408, 1204224, 1605632, 3563520, 2408448, 3211264, 2408448, 4816896, 8028160, 3211264, 8028160, 9633792, 12845056, 12845056, 6422528]
to_DRAM [9633792, 6422528, 12845056, 9633792, 3211264, 8028160, 4014080, 2408448, 1605632, 40192, 8192, 1204224, 802816, 5120000, 1204224, 802816, 3162112, 2408448, 1605632, 2408448, 2408448, 4816896, 3211264, 3211264, 9633792, 6422528, 9633792, 3211264, 0]
cycles [123009.6, 120729.6, 120729.6, 120729.6, 60825.6, 60825.6, 31334.4, 31334.4, 18432.0, 18432.0, 819.2, 18432.0, 15052.8, 18432.0, 18432.0, 15052.8, 10240.0, 17408.0, 30105.6, 30105.6, 30105.6, 20275.2, 60211.2, 60211.2, 30105.6, 120422.4, 120422.4, 120422.4, 160563.2]
Flop 86241886848
Bytes 240646656
OI 358.37558801565064
latency 1603201.5999999996
max_gflops 307200.0
throughput 53793.538409642315



batch 16 ***********************
# of configs 34
from_DRAM [4816896, 6422528, 6422528, 12845056, 6422528, 6422528, 12845056, 6422528, 9633792, 6422528, 6422528, 3211264, 2408448, 1605632, 80384, 16384, 2408448, 2408448, 6324224, 2408448, 3211264, 4767744, 4816896, 6422528, 4816896, 9633792, 16056320, 6422528, 3211264, 19267584, 19267584, 25690112, 19267584, 25690112]
to_DRAM [19267584, 12845056, 6422528, 19267584, 12845056, 6422528, 19267584, 6422528, 12845056, 9633792, 8028160, 4816896, 3211264, 80384, 16384, 2408448, 1605632, 5521408, 2408448, 1605632, 3964928, 4816896, 3211264, 4816896, 4816896, 9633792, 6422528, 6422528, 6422528, 19267584, 12845056, 19267584, 12845056, 0]
cycles [245901.6, 240998.4, 240998.4, 15749.210397253555, 240998.4, 240998.4, 15749.210397253555, 120729.6, 120729.6, 120729.6, 60825.6, 60825.6, 33177.6, 33177.6, 819.2, 33177.6, 30105.6, 33177.6, 33177.6, 30105.6, 18432.0, 33792.0, 60211.2, 60211.2, 60211.2, 40243.2, 120422.4, 120422.4, 26828.8, 60211.2, 240844.8, 240844.8, 240844.8, 321126.4]
Flop 172472266816
Bytes 544207872
OI 316.9235060532164
latency 3596798.4207945075
max_gflops 307200.0
throughput 47951.60769057002



batch 32 ***********************
# of configs 39
from_DRAM [9633792, 12845056, 12845056, 25690112, 12845056, 12845056, 25690112, 12845056, 6422528, 19267584, 6422528, 6422528, 12845056, 9633792, 6422528, 6422528, 3211264, 1605632, 96768, 32768, 4816896, 4816896, 7929856, 4816896, 6422528, 7176192, 9633792, 12845056, 9633792, 19267584, 19267584, 25690112, 19267584, 38535168, 38535168, 51380224, 38535168, 51380224, 102760448]
to_DRAM [38535168, 25690112, 12845056, 38535168, 25690112, 12845056, 38535168, 12845056, 6422528, 19267584, 12845056, 6422528, 19267584, 9633792, 12845056, 6422528, 3211264, 129536, 0, 4816896, 3211264, 6324224, 4816896, 3211264, 5570560, 9633792, 6422528, 9633792, 9633792, 19267584, 12845056, 19267584, 19267584, 38535168, 25690112, 38535168, 25690112, 102760448, 0]
cycles [491803.2, 481996.8, 481996.8, 31498.42079450711, 481996.8, 481996.8, 31498.42079450711, 120729.6, 241459.2, 18899.052476704266, 241459.2, 241459.2, 60825.6, 121651.2, 121651.2, 62668.8, 62668.8, 1254.4, 819.2, 62668.8, 60211.2, 62668.8, 62668.8, 60211.2, 34816.0, 67584.0, 120422.4, 120422.4, 120422.4, 80486.4, 240844.8, 240844.8, 240844.8, 120422.4, 481689.6, 481689.6, 481689.6, 481689.6, 642252.8]
Flop 344933026752
Bytes 1343878144
OI 256.6698686871419
latency 8042883.094065718
max_gflops 307200.0
throughput 42886.73883703494



batch 64 ***********************
# of configs 44
from_DRAM [19267584, 102760448, 25690112, 25690112, 51380224, 25690112, 25690112, 51380224, 25690112, 12845056, 38535168, 12845056, 12845056, 25690112, 12845056, 19267584, 12845056, 12845056, 6422528, 3211264, 193536, 65536, 9633792, 9633792, 11141120, 9633792, 12845056, 11993088, 19267584, 25690112, 19267584, 38535168, 38535168, 51380224, 38535168, 77070336, 25690112, 77070336, 102760448, 25690112, 77070336, 102760448, 102760448, 102760448]
to_DRAM [102760448, 77070336, 51380224, 25690112, 77070336, 51380224, 25690112, 77070336, 25690112, 12845056, 38535168, 25690112, 12845056, 38535168, 12845056, 25690112, 19267584, 12845056, 6422528, 259072, 0, 9633792, 6422528, 7929856, 9633792, 6422528, 8781824, 19267584, 12845056, 19267584, 19267584, 38535168, 25690112, 38535168, 38535168, 51380224, 51380224, 51380224, 51380224, 51380224, 51380224, 102760448, 102760448, 0]
cycles [983488.8, 180633.6, 963532.8, 963532.8, 62996.84158901422, 963532.8, 963532.8, 62996.84158901422, 240998.4, 481996.8, 37798.10495340853, 481996.8, 481996.8, 31498.42079450711, 241459.2, 241459.2, 241459.2, 121651.2, 121651.2, 2508.8, 819.2, 121651.2, 120422.4, 121651.2, 121651.2, 120422.4, 67584.0, 134144.0, 240844.8, 240844.8, 240844.8, 160665.6, 481689.6, 481689.6, 481689.6, 240844.8, 214118.4, 963379.2, 963379.2, 214118.4, 963379.2, 963379.2, 428185.6, 1284505.6]
Flop 689854546624
Bytes 3007571968
OI 229.3725815920359
latency 17242625.408925943
max_gflops 307200.0
throughput 40008.672128716826



batch 128 ***********************
# of configs 55
from_DRAM [38535168, 205520896, 205520896, 51380224, 51380224, 102760448, 51380224, 51380224, 102760448, 51380224, 25690112, 77070336, 25690112, 25690112, 51380224, 25690112, 12845056, 38535168, 12845056, 12845056, 25690112, 12845056, 19267584, 12845056, 643072, 1155072, 19267584, 11141120, 25690112, 19267584, 11141120, 38535168, 12845056, 38535168, 51380224, 38535168, 77070336, 25690112, 77070336, 102760448, 25690112, 77070336, 77070336, 77070336, 51380224, 154140672, 102760448, 102760448, 51380224, 154140672, 102760448, 102760448, 205520896, 205520896, 205520896]
to_DRAM [205520896, 205520896, 154140672, 102760448, 51380224, 154140672, 102760448, 51380224, 154140672, 51380224, 25690112, 77070336, 51380224, 25690112, 77070336, 25690112, 12845056, 38535168, 25690112, 12845056, 38535168, 12845056, 25690112, 643072, 1155072, 19267584, 11141120, 12845056, 19267584, 11141120, 19267584, 38535168, 12845056, 25690112, 38535168, 38535168, 51380224, 51380224, 51380224, 51380224, 51380224, 77070336, 0, 102760448, 102760448, 102760448, 0, 102760448, 102760448, 102760448, 0, 205520896, 411041792, 0, 0]
cycles [1966977.6, 201589.8930848455, 361267.2, 1927065.6, 1927065.6, 125993.68317802844, 1927065.6, 1927065.6, 125993.68317802844, 481996.8, 963993.6, 75596.20990681706, 963993.6, 963993.6, 62996.84158901422, 241459.2, 482918.4, 37798.10495340853, 482918.4, 482918.4, 31498.42079450711, 243302.4, 243302.4, 6615.070132417852, 1600.0, 10016.01569396763, 243302.4, 243302.4, 240844.8, 243302.4, 135168.0, 120422.4, 268288.0, 481689.6, 481689.6, 481689.6, 240844.8, 321331.2, 963379.2, 963379.2, 321331.2, 963379.2, 481689.6, 88195.57822461991, 428236.8, 1926758.4, 1926758.4, 100794.94654242275, 428236.8, 1926758.4, 1926758.4, 361267.2, 302384.83962726826, 856371.2, 2569011.2]
Flop 1379697586368
Bytes 7035871232
OI 196.09477502842395
latency 36303567.68690535
max_gflops 307200.0
throughput 38004.46276429342



batch 256 ***********************
forward2_batchnorm
