batch 1 ***********************
# of configs 31
from_DRAM [301056, 802816, 401408, 200704, 150528, 100352, 3024, 1025024, 150528, 4768768, 100352, 4818944, 100352, 4768768, 150528, 2509824, 301056, 1280000, 401408, 301056, 1280000, 602112, 602112, 802816, 602112, 1003520, 1204224, 1605632, 1204224, 1605632, 3211264]
to_DRAM [2809856, 1204224, 401408, 401408, 200704, 4048, 1024000, 150528, 4768768, 100352, 4718592, 150528, 4718592, 150528, 2359296, 301056, 1280000, 200704, 301056, 1280000, 301056, 602112, 401408, 602112, 401408, 1204224, 802816, 1204224, 802816, 3211264, 0]
cycles [13053.6, 6451.2, 3686.4, 3686.4, 3686.4, 819.2, 503.69004413928394, 819.2, 3276.8, 3686.4, 2363.3859735164297, 3686.4, 2363.3859735164297, 3686.4, 1230.9092692496322, 1843.2, 3292.8, 1843.2, 3292.8, 3292.8, 1843.2, 1724.8, 6899.2, 6899.2, 6899.2, 3763.2, 15052.8, 15052.8, 15052.8, 15052.8, 20070.4]
Flop 10790304376
Bytes 72419232
OI 148.99777418241607
latency 174874.97126042176
max_gflops 303806.46155794634
throughput 61702.96582883324



batch 2 ***********************
# of configs 37
from_DRAM [602112, 1605632, 802816, 401408, 200704, 301056, 100352, 200704, 6048, 1026048, 100352, 200704, 4818944, 100352, 200704, 4919296, 100352, 200704, 4818944, 100352, 301056, 2660352, 602112, 1380352, 802816, 602112, 1380352, 1204224, 1204224, 1605632, 1204224, 2007040, 2408448, 3211264, 2408448, 3211264, 6422528]
to_DRAM [4816896, 2809856, 1204224, 802816, 200704, 301056, 200704, 6048, 1026048, 301056, 100352, 4718592, 200704, 100352, 4718592, 301056, 100352, 4718592, 200704, 200704, 2359296, 602112, 1380352, 401408, 602112, 1380352, 602112, 1204224, 802816, 1204224, 802816, 2408448, 1605632, 2408448, 1605632, 6422528, 0]
cycles [25989.6, 25804.8, 12902.4, 7372.8, 1843.2, 3686.4, 3686.4, 3686.4, 800.0, 819.2, 3276.8, 3214.4, 3686.4, 3276.8, 3214.4, 3686.4, 3276.8, 3214.4, 3686.4, 1638.4, 1646.4, 1843.2, 6585.6, 3276.8, 6585.6, 6585.6, 1843.2, 3449.6, 13798.4, 13798.4, 13798.4, 7526.4, 30105.6, 30105.6, 30105.6, 30105.6, 40140.8]
Flop 21569101872
Bytes 106245952
OI 203.01104621849498
latency 360063.1999999999
max_gflops 307200.0
throughput 59903.65544715485



batch 4 ***********************
# of configs 38
from_DRAM [1204224, 3211264, 3211264, 2408448, 1204224, 802816, 602112, 200704, 401408, 12096, 1028096, 200704, 401408, 4919296, 200704, 401408, 5120000, 200704, 401408, 4919296, 200704, 602112, 2961408, 1204224, 1581056, 1605632, 1204224, 1581056, 2408448, 2408448, 3211264, 2408448, 4014080, 4816896, 6422528, 4816896, 6422528, 12845056]
to_DRAM [6422528, 6422528, 4816896, 4014080, 1605632, 1204224, 602112, 401408, 12096, 1028096, 602112, 200704, 4718592, 401408, 200704, 4718592, 602112, 200704, 4718592, 401408, 401408, 2359296, 1204224, 1581056, 802816, 1204224, 1581056, 1204224, 2408448, 1605632, 2408448, 1605632, 4816896, 3211264, 4816896, 3211264, 12845056, 0]
cycles [51861.6, 51148.8, 51148.8, 25804.8, 12902.4, 3686.4, 7372.8, 7372.8, 7372.8, 800.0, 819.2, 6553.6, 6428.8, 3686.4, 6553.6, 6428.8, 3686.4, 6553.6, 6428.8, 3686.4, 3276.8, 3292.8, 2042.9779303580187, 13171.2, 5734.4, 13171.2, 13171.2, 2867.2, 6899.2, 27596.8, 27596.8, 27596.8, 15052.8, 60211.2, 60211.2, 60211.2, 60211.2, 80281.6]
Flop 43126696864
Bytes 182328960
OI 236.532347159771
latency 752893.3779303579
max_gflops 307200.0
throughput 57281.28062774539



batch 8 ***********************
# of configs 40
from_DRAM [2408448, 3211264, 6422528, 6422528, 3211264, 4816896, 3211264, 1605632, 1204224, 401408, 802816, 16384, 1032192, 401408, 802816, 5120000, 401408, 802816, 5521408, 401408, 802816, 5120000, 401408, 1204224, 3563520, 2408448, 1982464, 3211264, 2408448, 1982464, 4816896, 4816896, 6422528, 4816896, 8028160, 9633792, 12845056, 9633792, 12845056, 3211264]
to_DRAM [9633792, 6422528, 12845056, 9633792, 3211264, 8028160, 3211264, 2809856, 1605632, 802816, 16384, 1032192, 1204224, 401408, 4718592, 802816, 401408, 4718592, 1204224, 401408, 4718592, 802816, 802816, 2359296, 2408448, 1982464, 1605632, 2408448, 1982464, 2408448, 4816896, 3211264, 4816896, 3211264, 9633792, 6422528, 9633792, 6422528, 3211264, 0]
cycles [103605.6, 101836.8, 101836.8, 101836.8, 51609.6, 51609.6, 25804.8, 25804.8, 14745.6, 14745.6, 14745.6, 819.2, 1096.8200098087298, 13107.2, 12857.6, 3686.4, 13107.2, 12857.6, 3686.4, 13107.2, 12857.6, 3686.4, 6553.6, 6585.6, 2928.871015203531, 26342.4, 11468.8, 26342.4, 26342.4, 5734.4, 13798.4, 55193.6, 55193.6, 55193.6, 30105.6, 120422.4, 120422.4, 120422.4, 120422.4, 160563.2]
Flop 86241886848
Bytes 294338560
OI 293.0023400535764
latency 1663087.2910250118
max_gflops 307200.0
throughput 51856.500445533726



batch 16 ***********************
# of configs 44
from_DRAM [4816896, 6422528, 6422528, 12845056, 6422528, 6422528, 12845056, 6422528, 9633792, 6422528, 6422528, 3211264, 2408448, 802816, 1605632, 32768, 1040384, 802816, 1605632, 5521408, 802816, 1605632, 6324224, 802816, 1605632, 5521408, 802816, 2408448, 4767744, 4816896, 2785280, 6422528, 4816896, 2785280, 9633792, 9633792, 12845056, 9633792, 3211264, 19267584, 19267584, 25690112, 19267584, 25690112]
to_DRAM [19267584, 12845056, 6422528, 19267584, 12845056, 6422528, 19267584, 6422528, 12845056, 9633792, 6422528, 5619712, 3211264, 1605632, 32768, 1040384, 2408448, 802816, 4718592, 1605632, 802816, 4718592, 2408448, 802816, 4718592, 1605632, 1605632, 2359296, 4816896, 2785280, 3211264, 4816896, 2785280, 4816896, 9633792, 6422528, 9633792, 6422528, 6422528, 19267584, 12845056, 19267584, 12845056, 0]
cycles [207093.6, 203212.8, 203212.8, 15749.210397253555, 203212.8, 203212.8, 15749.210397253555, 102297.6, 102297.6, 102297.6, 51609.6, 51609.6, 25804.8, 25804.8, 25804.8, 819.2, 1691.4330554193232, 22937.6, 25715.2, 3686.4, 22937.6, 25715.2, 4282.8209906817065, 22937.6, 25715.2, 3686.4, 11468.8, 13171.2, 4700.657184894556, 52684.8, 22937.6, 52684.8, 52684.8, 11468.8, 27596.8, 110387.2, 110387.2, 110387.2, 11366.4, 60211.2, 240844.8, 240844.8, 240844.8, 321126.4]
Flop 172472266816
Bytes 600260608
OI 287.3289776429907
latency 3394892.532025503
max_gflops 307200.0
throughput 50803.45406783686



batch 32 ***********************
# of configs 50
from_DRAM [9633792, 12845056, 12845056, 25690112, 12845056, 12845056, 25690112, 12845056, 6422528, 19267584, 6422528, 6422528, 12845056, 9633792, 6422528, 3211264, 4816896, 1605632, 3211264, 32768, 96768, 1056768, 1605632, 3211264, 6324224, 1605632, 3211264, 7929856, 1605632, 3211264, 6324224, 1605632, 4816896, 7176192, 9633792, 4390912, 12845056, 9633792, 4390912, 19267584, 6422528, 19267584, 25690112, 19267584, 38535168, 38535168, 51380224, 38535168, 51380224, 102760448]
to_DRAM [38535168, 25690112, 12845056, 38535168, 25690112, 12845056, 38535168, 12845056, 6422528, 19267584, 12845056, 6422528, 19267584, 9633792, 12845056, 3211264, 4816896, 3211264, 65536, 96768, 1024000, 4816896, 1605632, 4718592, 3211264, 1605632, 4718592, 4816896, 1605632, 4718592, 3211264, 3211264, 2359296, 9633792, 4390912, 6422528, 9633792, 4390912, 9633792, 19267584, 6422528, 12845056, 19267584, 19267584, 38535168, 25690112, 38535168, 25690112, 102760448, 0]
cycles [414187.2, 405964.8, 405964.8, 31498.42079450711, 405964.8, 405964.8, 31498.42079450711, 101836.8, 203673.6, 18899.052476704266, 203673.6, 203673.6, 51609.6, 103219.2, 103219.2, 25804.8, 51609.6, 51609.6, 51609.6, 819.2, 549.6655223148603, 2880.6591466405102, 45875.2, 51430.4, 4676.551250613045, 45875.2, 51430.4, 6251.472290338401, 45875.2, 51430.4, 4676.551250613045, 22937.6, 26342.4, 8244.229524276607, 105369.6, 45875.2, 105369.6, 105369.6, 22937.6, 55193.6, 45260.8, 220774.4, 220774.4, 220774.4, 120422.4, 481689.6, 481689.6, 481689.6, 481689.6, 642252.8]
Flop 344933026752
Bytes 1404908544
OI 245.51991531770483
latency 7477909.423050516
max_gflops 307200.0
throughput 46126.93297524444



batch 64 ***********************
# of configs 56
from_DRAM [19267584, 102760448, 25690112, 25690112, 51380224, 25690112, 25690112, 51380224, 25690112, 12845056, 38535168, 12845056, 12845056, 25690112, 12845056, 6422528, 19267584, 12845056, 6422528, 9633792, 3211264, 6422528, 65536, 193536, 1089536, 3211264, 6422528, 7929856, 3211264, 6422528, 11141120, 3211264, 6422528, 7929856, 3211264, 9633792, 11993088, 19267584, 7602176, 25690112, 19267584, 7602176, 38535168, 12845056, 38535168, 51380224, 38535168, 77070336, 25690112, 77070336, 102760448, 25690112, 77070336, 102760448, 102760448, 102760448]
to_DRAM [102760448, 77070336, 51380224, 25690112, 77070336, 51380224, 25690112, 77070336, 25690112, 12845056, 38535168, 25690112, 12845056, 38535168, 12845056, 6422528, 25690112, 19267584, 6422528, 9633792, 6422528, 131072, 193536, 1024000, 9633792, 3211264, 4718592, 6422528, 3211264, 4718592, 9633792, 3211264, 4718592, 6422528, 6422528, 2359296, 19267584, 7602176, 12845056, 19267584, 7602176, 19267584, 38535168, 12845056, 25690112, 38535168, 38535168, 51380224, 51380224, 51380224, 51380224, 51380224, 51380224, 102760448, 102760448, 0]
cycles [828256.8, 152114.4, 811468.8, 811468.8, 62996.84158901422, 811468.8, 811468.8, 62996.84158901422, 203212.8, 406425.6, 37798.10495340853, 406425.6, 406425.6, 31498.42079450711, 204595.2, 6299.684158901422, 204595.2, 204595.2, 51609.6, 103219.2, 103219.2, 103219.2, 819.2, 597.1240804315842, 5259.1113290828835, 91750.4, 102860.8, 7038.932810201079, 91750.4, 102860.8, 10188.77488965179, 91750.4, 102860.8, 7038.932810201079, 45875.2, 52684.8, 15331.374203040707, 210739.2, 90931.2, 210739.2, 210739.2, 45465.6, 110387.2, 90316.8, 441548.8, 441548.8, 441548.8, 240844.8, 90163.2, 963379.2, 963379.2, 90163.2, 963379.2, 963379.2, 360601.6, 1284505.6]
Flop 689854546624
Bytes 3116836864
OI 221.33161815170317
latency 15767805.743207453
max_gflops 307200.0
throughput 43750.82734141239



batch 128 ***********************
# of configs 67
from_DRAM [38535168, 205520896, 205520896, 51380224, 51380224, 102760448, 51380224, 51380224, 102760448, 51380224, 25690112, 77070336, 25690112, 25690112, 51380224, 25690112, 12845056, 38535168, 12845056, 12845056, 25690112, 12845056, 6422528, 19267584, 12845056, 131072, 256000, 387072, 1155072, 6422528, 12845056, 11141120, 6422528, 12845056, 17563648, 6422528, 12845056, 11141120, 6422528, 19267584, 21626880, 12845056, 38535168, 12845056, 51380224, 12845056, 38535168, 12845056, 77070336, 25690112, 77070336, 102760448, 25690112, 77070336, 77070336, 77070336, 51380224, 154140672, 102760448, 102760448, 51380224, 154140672, 102760448, 102760448, 205520896, 205520896, 205520896]
to_DRAM [205520896, 205520896, 154140672, 102760448, 51380224, 154140672, 102760448, 51380224, 154140672, 51380224, 25690112, 77070336, 51380224, 25690112, 77070336, 25690112, 12845056, 38535168, 25690112, 12845056, 38535168, 12845056, 6422528, 25690112, 262144, 512000, 131072, 1024000, 19267584, 6422528, 4718592, 12845056, 6422528, 4718592, 19267584, 6422528, 4718592, 12845056, 12845056, 2359296, 38535168, 12845056, 25690112, 12845056, 38535168, 12845056, 25690112, 25690112, 51380224, 51380224, 51380224, 51380224, 51380224, 77070336, 0, 102760448, 102760448, 102760448, 0, 102760448, 102760448, 102760448, 0, 205520896, 411041792, 0, 0]
cycles [1656396.0, 201589.8930848455, 304228.8, 1622937.6, 1622937.6, 125993.68317802844, 1622937.6, 1622937.6, 125993.68317802844, 405964.8, 811929.6, 75596.20990681706, 811929.6, 811929.6, 62996.84158901422, 203673.6, 407347.2, 37798.10495340853, 407347.2, 407347.2, 31498.42079450711, 103219.2, 206438.4, 206438.4, 206438.4, 1638.4, 1600.0, 1024.0, 10016.01569396763, 183500.8, 205721.6, 11763.695929377145, 183500.8, 205721.6, 18063.38008827857, 183500.8, 205721.6, 11763.695929377145, 91750.4, 105369.6, 29505.663560568908, 181043.2, 421478.4, 181043.2, 421478.4, 181043.2, 421478.4, 90521.6, 220774.4, 180428.8, 883097.6, 883097.6, 180428.8, 883097.6, 481689.6, 88195.57822461991, 180326.4, 1926758.4, 1926758.4, 100794.94654242275, 180326.4, 1926758.4, 1926758.4, 304228.8, 302384.83962726826, 721152.0, 2569011.2]
Flop 1379697586368
Bytes 7165894656
OI 192.5366828010484
latency 33318161.852280527
max_gflops 307200.0
throughput 41409.7750195533



batch 256 ***********************
forward2_batchnorm
