batch 1 ***********************
# of configs 3
from_DRAM [301056, 2007040, 2408448]
to_DRAM [3211264, 1204224, 0]
cycles [123009.6, 147456.0, 160665.6]
Flop 10790304376
Bytes 9132032
OI 1181.5885419586791
latency 431131.19999999995
max_gflops 307200.0
throughput 25027.89029418423



batch 2 ***********************
# of configs 5
from_DRAM [602112, 1605632, 2408448, 5619712, 6422528]
to_DRAM [4816896, 3211264, 1605632, 6422528, 0]
cycles [245901.6, 243302.4, 265420.8, 240998.4, 321177.6]
Flop 21569101872
Bytes 32714752
OI 659.3081271714974
latency 1316800.8
max_gflops 307200.0
throughput 16379.927679266293



batch 4 ***********************
# of configs 8
from_DRAM [1204224, 3211264, 3211264, 1605632, 9134080, 6422528, 9633792, 3211264]
to_DRAM [6422528, 6422528, 5619712, 7528448, 2408448, 4816896, 3211264, 0]
cycles [491803.2, 481996.8, 482918.4, 501350.4, 486604.8, 481996.8, 481996.8, 642355.2]
Flop 43126696864
Bytes 74063872
OI 582.2906053844983
latency 4051022.3999999994
max_gflops 307200.0
throughput 10645.879633743818



batch 8 ***********************
# of configs 13
from_DRAM [2408448, 3211264, 6422528, 6422528, 6422528, 3211264, 2408448, 8028160, 6422528, 12845056, 12845056, 12845056, 6422528]
to_DRAM [9633792, 6422528, 12845056, 9633792, 6422528, 6422528, 4014080, 3211264, 6422528, 9633792, 9633792, 3211264, 0]
cycles [983488.8, 963532.8, 963532.8, 963532.8, 963993.6, 965836.8, 973209.6, 965836.8, 963993.6, 963532.8, 963532.8, 963532.8, 1284556.8]
Flop 86241886848
Bytes 177422336
OI 486.0824673619448
latency 12882112.800000003
max_gflops 307200.0
throughput 6694.700487951012



batch 16 ***********************
# of configs 21
from_DRAM [4816896, 6422528, 6422528, 12845056, 6422528, 6422528, 12845056, 6422528, 9633792, 6422528, 6422528, 3211264, 7225344, 9633792, 16056320, 9633792, 19267584, 19267584, 25690112, 19267584, 25690112]
to_DRAM [19267584, 12845056, 6422528, 19267584, 12845056, 6422528, 19267584, 6422528, 12845056, 9633792, 8028160, 4014080, 4816896, 9633792, 9633792, 9633792, 19267584, 12845056, 19267584, 12845056, 0]
cycles [1966977.6, 1927065.6, 1927065.6, 40140.8, 1927065.6, 1927065.6, 40140.8, 1927987.2, 1927987.2, 1927987.2, 1931673.6, 1946419.2, 1946419.2, 1927987.2, 1927987.2, 1926758.4, 1927065.6, 1927065.6, 1927065.6, 1927065.6, 2569113.6]
Flop 172472266816
Bytes 475267072
OI 362.8954686261118
latency 37424104.0
max_gflops 307200.0
throughput 4608.58773842655



batch 32 ***********************
# of configs 29
from_DRAM [9633792, 12845056, 12845056, 25690112, 12845056, 12845056, 25690112, 12845056, 6422528, 19267584, 6422528, 6422528, 12845056, 9633792, 6422528, 6422528, 11239424, 16056320, 16056320, 10223616, 19267584, 25690112, 19267584, 38535168, 38535168, 51380224, 38535168, 51380224, 102760448]
to_DRAM [38535168, 25690112, 12845056, 38535168, 25690112, 12845056, 38535168, 12845056, 6422528, 19267584, 12845056, 6422528, 19267584, 9633792, 12845056, 8028160, 9633792, 9633792, 7012352, 19267584, 12845056, 19267584, 19267584, 38535168, 25690112, 38535168, 25690112, 102760448, 0]
cycles [3933837.6, 3853670.4, 3853670.4, 80281.6, 3853670.4, 3853670.4, 80281.6, 1927065.6, 3854131.2, 40140.8, 3854131.2, 3854131.2, 1927987.2, 3855974.4, 3855974.4, 3863347.2, 3863347.2, 3855974.4, 3853516.8, 3854131.2, 3854131.2, 3854131.2, 3853516.8, 3853670.4, 3853670.4, 3853670.4, 3853670.4, 3853516.8, 5138073.6]
Flop 344933026752
Bytes 1266417664
OI 272.36909003821347
latency 97936986.40000002
max_gflops 307200.0
throughput 3521.989387576254



batch 64 ***********************
# of configs 36
from_DRAM [19267584, 102760448, 25690112, 25690112, 51380224, 25690112, 25690112, 51380224, 25690112, 12845056, 38535168, 12845056, 12845056, 25690112, 12845056, 19267584, 12845056, 12845056, 9633792, 16056320, 16056320, 25690112, 19267584, 38535168, 38535168, 51380224, 38535168, 77070336, 25690112, 77070336, 102760448, 25690112, 77070336, 102760448, 102760448, 102760448]
to_DRAM [102760448, 77070336, 51380224, 25690112, 77070336, 51380224, 25690112, 77070336, 25690112, 12845056, 38535168, 25690112, 12845056, 38535168, 12845056, 25690112, 19267584, 12845056, 6422528, 9633792, 19267584, 19267584, 19267584, 38535168, 25690112, 38535168, 38535168, 77070336, 25690112, 51380224, 51380224, 51380224, 51380224, 102760448, 102760448, 0]
cycles [7867675.2, 1445068.8, 7707340.8, 7707340.8, 160563.2, 7707340.8, 7707340.8, 160563.2, 3854131.2, 7708262.4, 80281.6, 7708262.4, 7708262.4, 80281.6, 7711948.8, 7711948.8, 7711948.8, 7726694.4, 7726694.4, 7726694.4, 7711948.8, 7711948.8, 7707033.6, 7708262.4, 7708262.4, 7708262.4, 7707033.6, 3853516.8, 7707340.8, 7707340.8, 7707033.6, 7707340.8, 7707340.8, 7707033.6, 10276147.2, 8349286.4]
Flop 689854546624
Bytes 2902982656
OI 237.636468546645
latency 236603777.60000005
max_gflops 307200.0
throughput 2915.6531380080546



batch 128 ***********************
# of configs 47
from_DRAM [38535168, 205520896, 205520896, 51380224, 51380224, 102760448, 51380224, 51380224, 102760448, 51380224, 25690112, 77070336, 25690112, 25690112, 51380224, 25690112, 12845056, 38535168, 12845056, 12845056, 25690112, 12845056, 19267584, 19267584, 32112640, 38535168, 38535168, 51380224, 38535168, 77070336, 25690112, 77070336, 102760448, 25690112, 77070336, 154140672, 51380224, 154140672, 102760448, 102760448, 51380224, 154140672, 102760448, 102760448, 205520896, 205520896, 205520896]
to_DRAM [205520896, 205520896, 154140672, 102760448, 51380224, 154140672, 102760448, 51380224, 154140672, 51380224, 25690112, 77070336, 51380224, 25690112, 77070336, 25690112, 12845056, 38535168, 25690112, 12845056, 38535168, 12845056, 25690112, 19267584, 25690112, 38535168, 25690112, 38535168, 38535168, 77070336, 25690112, 51380224, 51380224, 51380224, 77070336, 102760448, 102760448, 102760448, 0, 102760448, 102760448, 102760448, 0, 205520896, 411041792, 0, 0]
cycles [15735232.8, 1284505.6, 2890137.6, 15414220.8, 15414220.8, 321126.4, 15414220.8, 15414220.8, 321126.4, 7707340.8, 15414681.6, 160563.2, 15414681.6, 15414681.6, 160563.2, 7708262.4, 15416524.8, 80281.6, 15416524.8, 15416524.8, 80281.6, 15423897.6, 15423897.6, 15423897.6, 15423897.6, 15416524.8, 15416524.8, 15416524.8, 15414067.2, 7707033.6, 15414681.6, 15414681.6, 15414067.2, 15414681.6, 15414067.2, 7707033.6, 15414220.8, 15414220.8, 15414067.2, 321126.4, 15414220.8, 15414220.8, 15414067.2, 2890137.6, 1284505.6, 20552140.8, 16698572.8]
Flop 1379697586368
Bytes 6910640128
OI 199.64830476092186
latency 540676903.2000002
max_gflops 307200.0
throughput 2551.7967906567674



batch 256 ***********************
forward2_batchnorm
