batch 2 ***********************
# of configs 18
from_DRAM [602112, 1204224, 401408, 200704, 6048, 301056, 401408, 301056, 501760, 602112, 802816, 602112, 1003520, 1605632, 1499136, 3211264, 4014080, 3211264]
to_DRAM [5619712, 2207744, 602112, 106400, 301056, 200704, 301056, 200704, 602112, 401408, 602112, 401408, 1204224, 696320, 1605632, 2408448, 2408448, 0]
cycles [48608.0, 26656.0, 14745.6, 14745.6, 2399.25, 9011.2, 9011.2, 9011.2, 8624.0, 8780.8, 10976.0, 8780.8, 17248.0, 17984.0, 24256.0, 43904.0, 50176.0, 40140.8]
Flop 21559869488
Bytes 40341312
OI 534.4364974545201
latency 365058.45
max_gflops 68407.87167417858
throughput 59058.67810483499



