batch 2 ***********************
# of configs 23
from_DRAM [602112, 1204224, 401408, 301056, 200704, 6048, 2048, 200704, 301056, 4919296, 200704, 401408, 2660352, 602112, 802816, 602112, 1204224, 2408448, 1204224, 2007040, 2408448, 4014080, 3211264]
to_DRAM [5619712, 2007040, 802816, 401408, 8096, 0, 401408, 0, 4818944, 401408, 0, 2560000, 802816, 200704, 802816, 401408, 1605632, 1204224, 802816, 2408448, 1605632, 2408448, 0]
cycles [48608.0, 25088.0, 9408.0, 7372.8, 7372.8, 819.2, 7372.8, 3763.2, 40000.0, 41568.0, 3763.2, 23136.0, 27056.0, 7526.4, 12544.0, 7840.0, 21952.0, 28224.0, 15680.0, 34496.0, 31360.0, 50176.0, 40140.8]
Flop 21559869488
Bytes 59129664
OI 364.62019280204265
latency 495267.2
max_gflops 46671.38467866146
throughput 43531.79352075001



