batch 2 ***********************
# of configs 14
from_DRAM [602112, 1204224, 401408, 200704, 102400, 401408, 602112, 2861056, 1003520, 2183168, 2809856, 3104768, 4816896, 1679360]
to_DRAM [5619712, 2207744, 702464, 2048, 301056, 401408, 2560000, 602112, 1781760, 1605632, 1499136, 2408448, 1679360, 0]
cycles [48608.0, 26656.0, 14745.6, 1600.0, 10035.2, 10035.2, 24704.0, 27056.0, 21760.0, 29600.0, 33664.0, 43072.0, 50752.0, 60211.2]
Flop 21559869488
Bytes 43343872
OI 497.4144785219004
latency 402499.2
max_gflops 63669.05325080325
throughput 53564.99960248368



