batch 2 ***********************
# of configs 44
from_DRAM [602112, 1605632, 802816, 401408, 200704, 301056, 200704, 2048, 6048, 1024000, 2048, 100352, 200704, 4718592, 100352, 200704, 4919296, 100352, 200704, 4718592, 100352, 301056, 2660352, 200704, 401408, 200704, 802816, 200704, 401408, 200704, 1204224, 401408, 802816, 401408, 1605632, 401408, 802816, 1605632, 1351680, 2408448, 3211264, 2408448, 2408448, 1605632]
to_DRAM [5619712, 2408448, 802816, 802816, 200704, 401408, 4096, 6048, 1024000, 0, 301056, 200704, 4718592, 0, 100352, 4718592, 301056, 200704, 4718592, 0, 200704, 2359296, 602112, 401408, 0, 200704, 602112, 401408, 0, 401408, 1204224, 802816, 0, 401408, 1204224, 802816, 0, 950272, 3211264, 802816, 2408448, 1605632, 802816, 0]
cycles [48608.0, 31360.0, 12544.0, 9408.0, 3686.4, 5488.0, 3686.4, 819.2, 8047.25, 8000.0, 2368.0, 2457.6, 38432.0, 36864.0, 2457.6, 38432.0, 40784.0, 2457.6, 38432.0, 36864.0, 2352.0, 20784.0, 25488.0, 4704.0, 5017.6, 3136.0, 10976.0, 4704.0, 5017.6, 4704.0, 18816.0, 9408.0, 10035.2, 6272.0, 21952.0, 9408.0, 10035.2, 19968.0, 35648.0, 25088.0, 43904.0, 31360.0, 25088.0, 40140.8]
Flop 21559869488
Bytes 92393280
OI 233.34889169428772
latency 765202.45
max_gflops 29868.658136868828
throughput 28175.37958484059



