batch 2 ***********************
# of configs 23
from_DRAM [602112, 0, 0, 0, 0, 0, 2048, 100352, 301056, 100352, 100352, 401408, 100352, 200704, 602112, 200704, 802816, 802816, 401408, 1204224, 802816, 2408448, 802816]
to_DRAM [4415488, 1605632, 501760, 200704, 2048, 0, 301056, 0, 0, 301056, 0, 0, 401408, 0, 401408, 0, 0, 401408, 0, 802816, 0, 0, 0]
cycles [39200.0, 15667.2, 9216.0, 7372.8, 7372.8, 819.2, 7372.8, 3763.2, 7372.8, 7372.8, 3763.2, 4096.0, 5120.0, 7526.4, 7840.0, 7526.4, 6272.0, 15052.8, 15052.8, 15680.0, 30105.6, 30105.6, 40140.8]
Flop 21559869488
Bytes 19271680
OI 1118.7332649774175
latency 293811.2
max_gflops 143197.85791710945
throughput 73380.01236167988



