batch 2 ***********************
# of configs 44
from_DRAM [602112, 0, 0, 0, 0, 200704, 0, 0, 2048, 0, 2048, 0, 200704, 0, 100352, 200704, 200704, 0, 200704, 0, 100352, 301056, 301056, 0, 401408, 200704, 602112, 0, 401408, 200704, 802816, 0, 802816, 401408, 1204224, 0, 802816, 1605632, 401408, 802816, 2408448, 802816, 802816, 802816]
to_DRAM [4014080, 1605632, 401408, 602112, 100352, 200704, 2048, 2048, 0, 0, 200704, 200704, 0, 0, 100352, 0, 200704, 200704, 0, 0, 200704, 0, 401408, 401408, 0, 0, 401408, 401408, 0, 0, 802816, 802816, 0, 0, 802816, 802816, 0, 0, 1605632, 0, 802816, 0, 0, 0]
cycles [36064.0, 12544.0, 5529.6, 5529.6, 3686.4, 3686.4, 3686.4, 819.2, 16.0, 819.2, 1584.0, 2457.6, 2508.8, 3686.4, 2457.6, 2508.8, 3686.4, 2457.6, 2508.8, 3686.4, 2352.0, 2352.0, 5488.0, 3136.0, 5017.6, 1843.2, 7840.0, 3136.0, 5017.6, 1568.0, 12544.0, 6272.0, 10035.2, 3136.0, 15680.0, 6272.0, 10035.2, 12544.0, 15680.0, 20070.4, 25088.0, 20070.4, 20070.4, 40140.8]
Flop 21559869488
Bytes 31117312
OI 692.8577085321508
latency 355312.00000000006
max_gflops 88685.7866921153
throughput 60678.69784302246



