batch 2 ***********************
# of configs 35
from_DRAM [602112, 0, 0, 0, 200704, 0, 0, 0, 0, 200704, 0, 100352, 200704, 200704, 0, 200704, 0, 100352, 301056, 301056, 200704, 0, 602112, 200704, 0, 802816, 401408, 802816, 401408, 1204224, 802816, 1605632, 802816, 1605632, 0]
to_DRAM [4415488, 1404928, 802816, 100352, 200704, 0, 0, 200704, 200704, 0, 0, 100352, 0, 200704, 200704, 0, 0, 200704, 0, 200704, 200704, 0, 200704, 200704, 0, 401408, 0, 401408, 0, 802816, 0, 802816, 0, 0, 0]
cycles [39200.0, 12902.4, 7372.8, 3686.4, 3686.4, 3686.4, 800.0, 1568.0, 3276.8, 3057.6, 3686.4, 3276.8, 3057.6, 3686.4, 3276.8, 3057.6, 3686.4, 2352.0, 2352.0, 3920.0, 6272.0, 3276.8, 6272.0, 6272.0, 1843.2, 9408.0, 12544.0, 12544.0, 12544.0, 15680.0, 25088.0, 25088.0, 25088.0, 25088.0, 40140.8]
Flop 21559869488
Bytes 23080960
OI 934.0976063387311
latency 338737.60000000003
max_gflops 119564.49361135758
throughput 63647.70101695235



