batch 2 ***********************
# of configs 44
from_DRAM [602112, 0, 0, 0, 0, 200704, 0, 0, 2048, 0, 2048, 0, 200704, 0, 100352, 200704, 200704, 0, 200704, 0, 100352, 301056, 301056, 0, 401408, 200704, 602112, 0, 401408, 200704, 802816, 0, 802816, 401408, 1204224, 0, 802816, 1605632, 401408, 802816, 2408448, 802816, 802816, 802816]
to_DRAM [4014080, 1605632, 401408, 602112, 100352, 200704, 2048, 2048, 0, 0, 200704, 200704, 0, 0, 100352, 0, 200704, 200704, 0, 0, 200704, 0, 401408, 401408, 0, 0, 401408, 401408, 0, 0, 802816, 802816, 0, 0, 802816, 802816, 0, 0, 1605632, 0, 802816, 0, 0, 0]
cycles [20580.0, 10137.6, 5529.6, 5529.6, 3686.4, 3686.4, 3686.4, 819.2, 12.8, 819.2, 99.436978911231, 2457.6, 2508.8, 3686.4, 2457.6, 2508.8, 3686.4, 2457.6, 2508.8, 3686.4, 1228.8, 1254.4, 1843.2, 1843.2, 5017.6, 1843.2, 5017.6, 1843.2, 5017.6, 1228.8, 2508.8, 2252.8, 10035.2, 2252.8, 10035.2, 2252.8, 10035.2, 5017.6, 2252.8, 20070.4, 20070.4, 20070.4, 20070.4, 40140.8]
Flop 21559869488
Bytes 31117312
OI 692.8577085321508
latency 273748.2369789112
max_gflops 307200.0
throughput 78758.02133352519



