batch 2 ***********************
# of configs 30
from_DRAM [602112, 1204224, 401408, 200704, 301056, 200704, 6048, 1026048, 301056, 4818944, 200704, 200704, 200704, 401408, 2660352, 602112, 1380352, 802816, 602112, 1380352, 1204224, 1204224, 1605632, 1204224, 2007040, 2408448, 3211264, 2408448, 3211264, 3211264]
to_DRAM [5619712, 2007040, 802816, 200704, 401408, 6048, 1026048, 301056, 4919296, 100352, 0, 401408, 0, 2560000, 602112, 1581056, 200704, 602112, 1581056, 401408, 1204224, 802816, 1204224, 802816, 2408448, 1605632, 2408448, 1605632, 3211264, 0]
cycles [48608.0, 25088.0, 9408.0, 3686.4, 5488.0, 3686.4, 8063.25, 10368.0, 40784.0, 38432.0, 3686.4, 4704.0, 3686.4, 23136.0, 25488.0, 17056.0, 12352.0, 10976.0, 17056.0, 13920.0, 18816.0, 15680.0, 21952.0, 15680.0, 34496.0, 31360.0, 43904.0, 31360.0, 50176.0, 40140.8]
Flop 21559869488
Bytes 77737792
OI 277.3409037395865
latency 629237.65
max_gflops 35499.63567866707
throughput 34263.47658631043



