batch 2 ***********************
# of configs 39
from_DRAM [602112, 1204224, 602112, 401408, 301056, 100352, 200704, 6048, 1024000, 2048, 200704, 4718592, 100352, 200704, 4919296, 100352, 200704, 4718592, 100352, 301056, 2660352, 200704, 401408, 200704, 802816, 200704, 401408, 200704, 1204224, 1204224, 696320, 1605632, 1204224, 1900544, 2154496, 2482176, 2408448, 3211264, 802816]
to_DRAM [5619712, 2007040, 802816, 602112, 301056, 200704, 8096, 1024000, 0, 401408, 4718592, 0, 100352, 4718592, 301056, 200704, 4718592, 0, 200704, 2359296, 602112, 401408, 0, 200704, 602112, 401408, 0, 401408, 1204224, 1097728, 401408, 1204224, 1097728, 950272, 2482176, 802816, 2408448, 802816, 0]
cycles [48608.0, 25088.0, 10976.0, 7840.0, 4704.0, 3686.4, 1631.25, 8047.25, 8000.0, 3152.0, 38432.0, 36864.0, 2867.2, 38432.0, 40784.0, 2867.2, 38432.0, 36864.0, 2352.0, 20784.0, 25488.0, 4704.0, 5644.8, 3136.0, 10976.0, 4704.0, 5644.8, 4704.0, 18816.0, 17984.0, 8576.0, 21952.0, 17984.0, 22272.0, 36224.0, 25664.0, 37632.0, 31360.0, 40140.8]
Flop 21559869488
Bytes 87293760
OI 246.9806488802865
latency 724017.7
max_gflops 31613.523056676673
throughput 29778.097259224465



