batch 2 ***********************
# of configs 35
from_DRAM [602112, 1204224, 602112, 200704, 301056, 200704, 6048, 1026048, 100352, 200704, 4718592, 100352, 200704, 4919296, 100352, 200704, 4718592, 100352, 301056, 2660352, 602112, 1380352, 802816, 602112, 1380352, 1204224, 1204224, 1605632, 1204224, 2007040, 2408448, 3211264, 2408448, 3211264, 6422528]
to_DRAM [5619712, 2007040, 1003520, 200704, 401408, 6048, 1026048, 301056, 200704, 4718592, 0, 100352, 4718592, 301056, 200704, 4718592, 0, 200704, 2359296, 602112, 1581056, 200704, 602112, 1581056, 401408, 1204224, 802816, 1204224, 802816, 2408448, 1605632, 2408448, 1605632, 6422528, 0]
cycles [48608.0, 25088.0, 12544.0, 3686.4, 5488.0, 3686.4, 8063.25, 10368.0, 3276.8, 38432.0, 36864.0, 3276.8, 38432.0, 40784.0, 3276.8, 38432.0, 36864.0, 2352.0, 20784.0, 25488.0, 17056.0, 12352.0, 10976.0, 17056.0, 13920.0, 18816.0, 15680.0, 21952.0, 15680.0, 34496.0, 31360.0, 43904.0, 31360.0, 75264.0, 50176.0]
Flop 21559869488
Bytes 103636800
OI 208.03295246476156
latency 815842.45
max_gflops 26628.21791548948
throughput 26426.511010796265



